Frequency (Hz)	Level (dB)
43.066406	-68.251740
86.132812	-65.043755
129.199219	-63.248909
172.265625	-61.982670
215.332031	-61.003933
258.398438	-60.205647
301.464844	-59.531395
344.531250	-58.948055
387.597656	-58.433842
430.664062	-57.974247
473.730469	-57.558361
516.796875	-57.178757
559.863281	-56.830048
602.929688	-56.507046
645.996094	-56.206566
689.062500	-55.925556
732.128906	-55.661560
775.195312	-55.412655
818.261719	-55.177219
861.328125	-54.953789
904.394531	-54.741486
947.460938	-54.539047
990.527344	-54.345753
1033.593750	-54.160511
1076.660156	-53.982826
1119.726562	-53.812283
1162.792969	-53.648006
1205.859375	-53.489853
1248.925781	-53.337189
1291.992188	-53.189774
1335.058594	-53.047012
1378.125000	-52.908920
1421.191406	-52.775196
1464.257812	-52.645298
1507.324219	-52.519398
1550.390625	-52.396843
1593.457031	-52.277653
1636.523438	-52.161747
1679.589844	-52.048847
1722.656250	-51.938770
1765.722656	-51.831371
1808.789062	-51.726555
1851.855469	-51.624138
1894.921875	-51.524342
1937.988281	-51.426662
1981.054688	-51.331120
2024.121094	-51.237625
2067.187500	-51.146137
2110.253906	-51.056496
2153.320312	-50.968628
2196.386719	-50.882572
2239.453125	-50.798107
2282.519531	-50.715347
2325.585938	-50.634163
2368.652344	-50.554417
2411.718750	-50.475983
2454.785156	-50.399139
2497.851562	-50.323624
2540.917969	-50.249359
2583.984375	-50.176254
2627.050781	-50.104370
2670.117188	-50.033497
2713.183594	-49.963772
2756.250000	-49.895481
2799.316406	-49.828060
2842.382812	-49.761875
2885.449219	-49.697060
2928.515625	-49.633114
2971.582031	-49.569492
3014.648438	-49.505749
3057.714844	-49.441978
3100.781250	-49.380188
3143.847656	-49.323437
3186.914062	-49.271111
3229.980469	-49.215069
3273.046875	-49.147026
3316.113281	-49.075520
3359.179688	-49.025867
3402.246094	-49.000175
3445.312500	-48.951199
3488.378906	-48.852173
3531.445312	-48.777958
3574.511719	-48.790066
3617.578125	-48.769390
3660.644531	-48.621967
3703.710938	-48.551094
3746.777344	-48.638100
3789.843750	-48.551701
3832.910156	-48.346291
3875.976562	-48.447781
3919.042969	-48.483452
3962.109375	-48.179359
4005.175781	-48.271976
4048.242188	-48.392349
4091.308594	-47.999283
4134.375000	-48.166409
4177.441406	-48.257484
4220.507812	-47.796204
4263.574219	-48.173183
4306.640625	-47.991486
4349.707031	-47.682995
4392.773438	-48.209408
4435.839844	-47.571510
4478.906250	-47.870644
4521.972656	-47.884632
4565.039062	-47.392307
4608.105469	-48.098930
4651.171875	-47.239082
4694.238281	-47.883904
4737.304688	-47.421062
4780.371094	-47.435581
4823.437500	-47.719063
4866.503906	-47.047207
4909.570312	-47.916348
4952.636719	-46.825207
4995.703125	-47.928925
5038.769531	-46.744270
5081.835938	-47.803276
5124.902344	-46.739250
5167.968750	-47.627159
5211.035156	-46.750271
5254.101562	-47.466290
5297.167969	-46.735771
5340.234375	-47.356258
5383.300781	-46.672310
5426.367188	-47.313622
5469.433594	-46.550102
5512.500000	-47.343956
5555.566406	-46.373447
5598.632812	-47.440365
5641.699219	-46.165234
5684.765625	-47.567001
5727.832031	-45.972706
5770.898438	-47.636665
5813.964844	-45.869579
5857.031250	-47.512798
5900.097656	-45.946682
5943.164062	-47.093010
5986.230469	-46.281937
6029.296875	-46.442657
6072.363281	-46.858738
6115.429688	-45.807503
6158.496094	-47.398468
6201.562500	-45.490238
6244.628906	-47.332455
6287.695312	-45.731617
6330.761719	-46.495956
6373.828125	-46.549946
6416.894531	-45.554394
6459.960938	-47.323643
6503.027344	-45.255295
6546.093750	-46.912968
6589.160156	-45.943836
6632.226562	-45.670204
6675.292969	-47.085945
6718.359375	-45.045158
6761.425781	-46.907383
6804.492188	-45.771858
6847.558594	-45.473698
6890.625000	-47.066715
6933.691406	-44.908123
6976.757812	-46.526348
7019.824219	-46.049622
7062.890625	-44.979450
7105.957031	-47.076340
7149.023438	-45.071674
7192.089844	-45.652664
7235.156250	-46.721569
7278.222656	-44.616230
7321.289062	-46.392414
7364.355469	-45.961464
7407.421875	-44.626076
7450.488281	-46.812634
7493.554688	-45.258526
7536.621094	-44.891254
7579.687500	-46.862900
7622.753906	-44.761890
7665.820312	-45.213112
7708.886719	-46.700787
7751.953125	-44.454216
7795.019531	-45.466343
7838.085938	-46.489330
7881.152344	-44.271297
7924.218750	-45.598991
7967.285156	-46.324997
8010.351562	-44.156696
8053.417969	-45.601185
8096.484375	-46.248676
8139.550781	-44.082649
8182.617188	-45.473637
8225.683594	-46.264603
8268.750000	-44.054081
8311.816406	-45.216095
8354.882812	-46.346859
8397.949219	-44.106262
8441.015625	-44.835770
8484.082031	-46.430504
8527.148438	-44.295250
8570.214844	-44.372505
8613.281250	-46.401657
8656.347656	-44.673397
8699.414062	-43.922684
8742.480469	-46.113640
8785.546875	-45.240540
8828.613281	-43.641201
8871.679688	-45.471687
8914.746094	-45.868504
8957.812500	-43.707378
9000.878906	-44.576477
9043.945312	-46.236221
9087.011719	-44.244114
9130.078125	-43.756901
9173.144531	-45.923527
9216.210938	-45.169888
9259.277344	-43.420559
9302.343750	-44.884598
9345.410156	-46.006916
9388.476562	-43.854744
9431.542969	-43.744984
9474.609375	-45.887936
9517.675781	-44.968422
9560.742188	-43.278481
9603.808594	-44.636810
9646.875000	-45.970917
9689.941406	-43.909439
9733.007812	-43.406929
9776.074219	-45.469406
9819.140625	-45.299877
9862.207031	-43.284592
9905.273438	-43.892178
9948.339844	-45.883411
9991.406250	-44.494942
10034.472656	-43.059139
10077.539062	-44.427921
10120.605469	-45.842369
10163.671875	-43.867348
10206.738281	-43.066570
10249.804688	-44.853172
10292.871094	-45.558666
10335.937500	-43.452442
10379.003906	-43.149612
10422.070312	-45.116615
10465.136719	-45.253281
10508.203125	-43.200787
10551.269531	-43.206253
10594.335938	-45.225544
10637.402344	-45.040985
10680.468750	-43.059811
10723.535156	-43.186787
10766.601562	-45.203480
10809.667969	-44.960644
10852.734375	-42.999973
10895.800781	-43.078831
10938.867188	-45.057453
10981.933594	-45.016430
11025.000000	-43.020039
11068.066406	-42.898624
11111.132812	-44.771072
11154.199219	-45.185184
11197.265625	-43.144085
11240.332031	-42.690067
11283.398438	-44.327164
11326.464844	-45.385826
11369.531250	-43.414818
11412.597656	-42.524101
11455.664062	-43.746853
11498.730469	-45.434387
11541.796875	-43.881489
11584.863281	-42.490429
11627.929688	-43.117115
11670.996094	-45.092850
11714.062500	-44.542011
11757.128906	-42.685753
11800.195312	-42.586323
11843.261719	-44.299477
11886.328125	-45.163391
11929.394531	-43.212627
11972.460938	-42.317402
12015.527344	-43.304729
12058.593750	-45.162270
12101.660156	-44.122574
12144.726562	-42.446354
12187.792969	-42.505760
12230.859375	-44.238438
12273.925781	-45.032986
12316.992188	-43.115761
12360.058594	-42.184444
12403.125000	-42.988411
12446.191406	-44.898201
12489.257812	-44.325779
12532.324219	-42.490765
12575.390625	-42.201752
12618.457031	-43.560528
12661.523438	-45.055080
12704.589844	-43.602642
12747.656250	-42.166290
12790.722656	-42.336769
12833.789062	-44.036972
12876.855469	-44.884678
12919.921875	-43.071827
12962.988281	-42.005726
13006.054688	-42.483234
13049.121094	-44.322876
13092.187500	-44.632404
13135.253906	-42.738594
13178.320312	-41.915585
13221.386719	-42.567661
13264.453125	-44.427517
13307.519531	-44.442326
13350.585938	-42.559616
13393.652344	-41.845325
13436.718750	-42.547546
13479.785156	-44.391350
13522.851562	-44.369198
13565.917969	-42.506516
13608.984375	-41.777229
13652.050781	-42.412613
13695.117188	-44.227428
13738.183594	-44.413113
13781.250000	-42.580059
13824.316406	-41.719078
13867.382812	-42.182453
13910.449219	-43.912399
13953.515625	-44.526295
13996.582031	-42.806740
14039.648438	-41.701508
14082.714844	-41.905766
14125.781250	-43.421581
14168.847656	-44.594212
14211.914062	-43.214443
14254.980469	-41.781944
14298.046875	-41.653198
14341.113281	-42.786816
14384.179688	-44.421364
14427.246094	-43.773525
14470.312500	-42.057285
14513.378906	-41.498188
14556.445312	-42.125679
14599.511719	-43.831234
14642.578125	-44.300697
14685.644531	-42.635639
14728.710938	-41.518593
14771.777344	-41.607269
14814.843750	-42.902164
14857.910156	-44.364880
14900.976562	-43.490349
14944.042969	-41.865173
14987.109375	-41.356262
15030.175781	-41.965111
15073.242188	-43.603081
15116.308594	-44.242119
15159.375000	-42.695835
15202.441406	-41.456669
15245.507812	-41.370598
15288.574219	-42.405277
15331.640625	-44.021568
15374.707031	-43.799213
15417.773438	-42.133617
15460.839844	-41.254154
15503.906250	-41.460846
15546.972656	-42.763748
15590.039062	-44.163834
15633.105469	-43.369064
15676.171875	-41.784061
15719.238281	-41.143448
15762.304688	-41.543659
15805.371094	-42.967262
15848.437500	-44.145569
15891.503906	-43.078354
15934.570312	-41.586964
15977.636719	-41.064663
16020.703125	-41.557331
16063.769531	-43.005146
16106.835938	-44.080124
16149.902344	-42.950768
16192.968750	-41.501938
16236.035156	-40.991165
16279.101562	-41.475578
16322.167969	-42.882984
16365.234375	-44.010197
16408.300781	-42.984219
16451.367188	-41.519775
16494.433594	-40.922989
16537.500000	-41.304657
16580.566406	-42.605469
16623.632812	-43.898659
16666.699219	-43.170341
16709.765625	-41.657501
16752.832031	-40.887207
16795.898438	-41.076752
16838.964844	-42.188400
16882.031250	-43.647686
16925.097656	-43.469238
16968.164062	-41.947880
17011.230469	-40.939171
17054.296875	-40.847137
17097.363281	-41.681416
17140.429688	-43.155998
17183.496094	-43.733887
17226.562500	-42.427448
17269.628906	-41.155556
17312.695312	-40.696381
17355.761719	-41.165749
17398.828125	-42.423809
17441.894531	-43.674957
17484.960938	-43.078239
17528.027344	-41.606571
17571.093750	-40.736900
17614.160156	-40.742996
17657.226562	-41.615444
17700.292969	-43.054131
17743.359375	-43.596008
17786.425781	-42.347794
17829.492188	-41.087166
17872.558594	-40.553867
17915.625000	-40.916836
17958.691406	-42.035378
18001.757812	-43.394646
18044.824219	-43.241478
18087.890625	-41.812374
18130.957031	-40.771595
18174.023438	-40.492825
18217.089844	-41.086143
18260.156250	-42.338577
18303.222656	-43.478348
18346.289062	-42.890663
18389.355469	-41.476234
18432.421875	-40.582829
18475.488281	-40.465973
18518.554688	-41.176659
18561.621094	-42.480293
18604.687500	-43.441166
18647.753906	-42.666039
18690.820312	-41.295940
18733.886719	-40.471924
18776.953125	-40.417767
18820.019531	-41.156887
18863.085938	-42.455811
18906.152344	-43.372631
18949.218750	-42.597904
18992.285156	-41.246819
19035.351562	-40.418480
19078.417969	-40.328434
19121.484375	-41.021347
19164.550781	-42.272438
19207.617188	-43.283329
19250.683594	-42.679047
19293.750000	-41.328827
19336.816406	-40.430023
19379.882812	-40.211800
19422.949219	-40.786354
19466.015625	-41.935886
19509.082031	-43.110191
19552.148438	-42.872845
19595.214844	-41.564705
19638.281250	-40.538422
19681.347656	-40.127666
19724.414062	-40.540314
19767.480469	-41.719048
19810.546875	-43.919495
19853.613281	-47.335903
19896.679688	-51.861298
19939.746094	-57.230972
19982.812500	-63.139481


