Frequency (Hz)	Level (dB)
43.066406	-14.169255
86.132812	-14.476398
129.199219	-20.252199
172.265625	-16.593447
215.332031	-17.491993
258.398438	-20.980261
301.464844	-17.935539
344.531250	-18.743114
387.597656	-20.904966
430.664062	-19.282499
473.730469	-20.131443
516.796875	-21.627262
559.863281	-20.174906
602.929688	-20.382217
645.996094	-21.645908
689.062500	-21.097239
732.128906	-21.388666
775.195312	-22.301367
818.261719	-22.648731
861.328125	-21.640108
904.394531	-22.540819
947.460938	-22.582747
990.527344	-22.011301
1033.593750	-22.768211
1076.660156	-23.384342
1119.726562	-22.195379
1162.792969	-23.549839
1205.859375	-24.280769
1248.925781	-22.829981
1291.992188	-24.270802
1335.058594	-24.025150
1378.125000	-23.288343
1421.191406	-24.873224
1464.257812	-24.059164
1507.324219	-23.658543
1550.390625	-25.199404
1593.457031	-25.221436
1636.523438	-24.283686
1679.589844	-24.878548
1722.656250	-24.243502
1765.722656	-24.149580
1808.789062	-24.550123
1851.855469	-24.448906
1894.921875	-24.696880
1937.988281	-25.671215
1981.054688	-24.987041
2024.121094	-24.995752
2067.187500	-25.339405
2110.253906	-24.557318
2153.320312	-24.967997
2196.386719	-25.410818
2239.453125	-25.432728
2282.519531	-26.389368
2325.585938	-25.972603
2368.652344	-25.076746
2411.718750	-25.672983
2454.785156	-25.026808
2497.851562	-25.503321
2540.917969	-26.572899
2583.984375	-26.200253
2627.050781	-26.082106
2670.117188	-26.671230
2713.183594	-26.084244
2756.250000	-26.086115
2799.316406	-26.686428
2842.382812	-26.260141
2885.449219	-26.372021
2928.515625	-26.613640
2971.582031	-25.822771
3014.648438	-26.126995
3057.714844	-26.147705
3100.781250	-25.954842
3143.847656	-26.622454
3186.914062	-26.881195
3229.980469	-26.675011
3273.046875	-26.651390
3316.113281	-26.137299
3359.179688	-26.242136
3402.246094	-26.322685
3445.312500	-26.665974
3488.378906	-27.379269
3531.445312	-26.884296
3574.511719	-26.704939
3617.578125	-27.108976
3660.644531	-27.018095
3703.710938	-26.554482
3746.777344	-26.914412
3789.843750	-26.918451
3832.910156	-27.131136
3875.976562	-27.119026
3919.042969	-26.771250
3962.109375	-27.172373
4005.175781	-27.366575
4048.242188	-26.798708
4091.308594	-26.770733
4134.375000	-27.404196
4177.441406	-27.121635
4220.507812	-27.309042
4263.574219	-27.816774
4306.640625	-27.245380
4349.707031	-27.536211
4392.773438	-27.618418
4435.839844	-26.715530
4478.906250	-27.450771
4521.972656	-27.003073
4565.039062	-26.996790
4608.105469	-27.414854
4651.171875	-28.321596
4694.238281	-27.755354
4737.304688	-27.537111
4780.371094	-27.290514
4823.437500	-27.602131
4866.503906	-28.011766
4909.570312	-27.729437
4952.636719	-27.510607
4995.703125	-27.612534
5038.769531	-27.005816
5081.835938	-27.687672
5124.902344	-28.430403
5167.968750	-28.154867
5211.035156	-28.050123
5254.101562	-28.238729
5297.167969	-28.153585
5340.234375	-27.934925
5383.300781	-27.944365
5426.367188	-27.703573
5469.433594	-28.068865
5512.500000	-28.228882
5555.566406	-27.939407
5598.632812	-28.367188
5641.699219	-28.259899
5684.765625	-27.688782
5727.832031	-27.606747
5770.898438	-28.014425
5813.964844	-27.767326
5857.031250	-27.701677
5900.097656	-27.662298
5943.164062	-27.735317
5986.230469	-28.263563
6029.296875	-28.936052
6072.363281	-28.469191
6115.429688	-27.913330
6158.496094	-28.183252
6201.562500	-28.272209
6244.628906	-28.127178
6287.695312	-28.051882
6330.761719	-27.478313
6373.828125	-27.894886
6416.894531	-28.397062
6459.960938	-28.210377
6503.027344	-28.035423
6546.093750	-28.190176
6589.160156	-27.994846
6632.226562	-28.090975
6675.292969	-27.899059
6718.359375	-27.993423
6761.425781	-28.321800
6804.492188	-28.624205
6847.558594	-28.338505
6890.625000	-28.466347
6933.691406	-28.261553
6976.757812	-28.075006
7019.824219	-28.469088
7062.890625	-28.954628
7105.957031	-29.053770
7149.023438	-28.589323
7192.089844	-28.369015
7235.156250	-29.005754
7278.222656	-28.701077
7321.289062	-28.399885
7364.355469	-28.437389
7407.421875	-28.092827
7450.488281	-28.289253
7493.554688	-28.140289
7536.621094	-28.354380
7579.687500	-28.629860
7622.753906	-28.675278
7665.820312	-28.782438
7708.886719	-29.245796
7751.953125	-28.775208
7795.019531	-28.524555
7838.085938	-28.371260
7881.152344	-28.243025
7924.218750	-28.641592
7967.285156	-28.937607
8010.351562	-29.004585
8053.417969	-28.934958
8096.484375	-28.804520
8139.550781	-29.006075
8182.617188	-29.660486
8225.683594	-29.431227
8268.750000	-28.563623
8311.816406	-28.409327
8354.882812	-28.619715
8397.949219	-28.614414
8441.015625	-28.636063
8484.082031	-28.865177
8527.148438	-29.249769
8570.214844	-29.338411
8613.281250	-28.760307
8656.347656	-28.841413
8699.414062	-29.185623
8742.480469	-28.725880
8785.546875	-28.437717
8828.613281	-28.370575
8871.679688	-28.423601
8914.746094	-28.525005
8957.812500	-28.869186
9000.878906	-28.971334
9043.945312	-28.828930
9087.011719	-29.138897
9130.078125	-29.079527
9173.144531	-29.441713
9216.210938	-29.336273
9259.277344	-28.554197
9302.343750	-28.337532
9345.410156	-29.281580
9388.476562	-29.485506
9431.542969	-29.221010
9474.609375	-29.454369
9517.675781	-29.187319
9560.742188	-29.027809
9603.808594	-29.154154
9646.875000	-29.196659
9689.941406	-29.142353
9733.007812	-29.199701
9776.074219	-28.700788
9819.140625	-28.842707
9862.207031	-28.899761
9905.273438	-29.237684
9948.339844	-30.250799
9991.406250	-29.623287
10034.472656	-28.903748
10077.539062	-28.926786
10120.605469	-28.742937
10163.671875	-28.909372
10206.738281	-28.972540
10249.804688	-29.200731
10292.871094	-29.196342
10335.937500	-29.241861
10379.003906	-29.000668
10422.070312	-29.345026
10465.136719	-28.776955
10508.203125	-29.142698
10551.269531	-29.409672
10594.335938	-29.503906
10637.402344	-29.566364
10680.468750	-29.343813
10723.535156	-29.019167
10766.601562	-29.377289
10809.667969	-29.114962
10852.734375	-28.781593
10895.800781	-28.996365
10938.867188	-29.223583
10981.933594	-29.566811
11025.000000	-28.986395
11068.066406	-28.567049
11111.132812	-29.125977
11154.199219	-29.472355
11197.265625	-29.370039
11240.332031	-29.301895
11283.398438	-28.963982
11326.464844	-28.951256
11369.531250	-29.063858
11412.597656	-29.095579
11455.664062	-29.284506
11498.730469	-29.280523
11541.796875	-28.986731
11584.863281	-29.085985
11627.929688	-29.459787
11670.996094	-29.206739
11714.062500	-29.447067
11757.128906	-29.695263
11800.195312	-29.634224
11843.261719	-29.150333
11886.328125	-29.191669
11929.394531	-29.324684
11972.460938	-28.896452
12015.527344	-28.792355
12058.593750	-29.260710
12101.660156	-29.722559
12144.726562	-29.851526
12187.792969	-29.550188
12230.859375	-29.389486
12273.925781	-30.162807
12316.992188	-29.701620
12360.058594	-29.442633
12403.125000	-30.068649
12446.191406	-29.806578
12489.257812	-29.865210
12532.324219	-29.718027
12575.390625	-29.062784
12618.457031	-29.083105
12661.523438	-29.064224
12704.589844	-29.114439
12747.656250	-29.115341
12790.722656	-29.771658
12833.789062	-29.645348
12876.855469	-29.263729
12919.921875	-29.162367
12962.988281	-29.683119
13006.054688	-29.463268
13049.121094	-29.537169
13092.187500	-29.490454
13135.253906	-29.470982
13178.320312	-30.213964
13221.386719	-29.881733
13264.453125	-29.564442
13307.519531	-29.426039
13350.585938	-29.263220
13393.652344	-29.032572
13436.718750	-29.043932
13479.785156	-29.477552
13522.851562	-29.650333
13565.917969	-29.942661
13608.984375	-30.081396
13652.050781	-30.085394
13695.117188	-29.689072
13738.183594	-29.282221
13781.250000	-29.465654
13824.316406	-29.101147
13867.382812	-28.984066
13910.449219	-29.727360
13953.515625	-29.351387
13996.582031	-29.220747
14039.648438	-29.546024
14082.714844	-29.785921
14125.781250	-29.660927
14168.847656	-29.547522
14211.914062	-30.165045
14254.980469	-30.157728
14298.046875	-29.827303
14341.113281	-30.103922
14384.179688	-30.214457
14427.246094	-29.854099
14470.312500	-29.328659
14513.378906	-29.694973
14556.445312	-29.969620
14599.511719	-29.327888
14642.578125	-29.230381
14685.644531	-29.751308
14728.710938	-30.114561
14771.777344	-29.892298
14814.843750	-30.225147
14857.910156	-29.885675
14900.976562	-29.930279
14944.042969	-29.771698
14987.109375	-29.631767
15030.175781	-29.665268
15073.242188	-30.388418
15116.308594	-29.921841
15159.375000	-29.194933
15202.441406	-30.002857
15245.507812	-29.786489
15288.574219	-29.524467
15331.640625	-29.887901
15374.707031	-28.759987
15417.773438	-28.433954
15460.839844	-29.161530
15503.906250	-29.697371
15546.972656	-30.148056
15590.039062	-30.136574
15633.105469	-29.629393
15676.171875	-29.611506
15719.238281	-29.426411
15762.304688	-30.054001
15805.371094	-30.102314
15848.437500	-30.100834
15891.503906	-29.896252
15934.570312	-29.917400
15977.636719	-29.740839
16020.703125	-29.477297
16063.769531	-29.384401
16106.835938	-29.496084
16149.902344	-29.947956
16192.968750	-29.837257
16236.035156	-29.479620
16279.101562	-29.913527
16322.167969	-29.128229
16365.234375	-29.165934
16408.300781	-29.298885
16451.367188	-28.884277
16494.433594	-29.958527
16537.500000	-29.774193
16580.566406	-29.883657
16623.632812	-29.913048
16666.699219	-30.138451
16709.765625	-29.867220
16752.832031	-29.843361
16795.898438	-29.933453
16838.964844	-29.737297
16882.031250	-30.108587
16925.097656	-30.485413
16968.164062	-30.450224
17011.230469	-30.324211
17054.296875	-29.794426
17097.363281	-28.876856
17140.429688	-29.241333
17183.496094	-29.204311
17226.562500	-29.857338
17269.628906	-30.264633
17312.695312	-29.911077
17355.761719	-29.441551
17398.828125	-29.355814
17441.894531	-29.932131
17484.960938	-29.801598
17528.027344	-30.032099
17571.093750	-30.018377
17614.160156	-29.882877
17657.226562	-29.855881
17700.292969	-29.539703
17743.359375	-29.308607
17786.425781	-29.671103
17829.492188	-30.150009
17872.558594	-30.009167
17915.625000	-29.378675
17958.691406	-30.048449
18001.757812	-29.436386
18044.824219	-29.467125
18087.890625	-30.692549
18130.957031	-30.331177
18174.023438	-29.948685
18217.089844	-29.698118
18260.156250	-29.990053
18303.222656	-29.894426
18346.289062	-29.618202
18389.355469	-29.254873
18432.421875	-29.189219
18475.488281	-29.993429
18518.554688	-30.614386
18561.621094	-30.452209
18604.687500	-29.918211
18647.753906	-29.660826
18690.820312	-29.422028
18733.886719	-29.418280
18776.953125	-29.448725
18820.019531	-29.409622
18863.085938	-29.660612
18906.152344	-29.280890
18949.218750	-29.244446
18992.285156	-29.450853
19035.351562	-29.394115
19078.417969	-29.748104
19121.484375	-29.590008
19164.550781	-30.008398
19207.617188	-29.877104
19250.683594	-30.106083
19293.750000	-30.141327
19336.816406	-30.328392
19379.882812	-30.147654
19422.949219	-29.875679
19466.015625	-30.100790
19509.082031	-30.339502
19552.148438	-30.029419
19595.214844	-29.622618
19638.281250	-29.247234
19681.347656	-29.846621
19724.414062	-30.280170
19767.480469	-30.489901
19810.546875	-29.407232
19853.613281	-29.777590
19896.679688	-30.875463
19939.746094	-30.317438
19982.812500	-30.087925
20025.878906	-30.217907
20068.945312	-30.085293
20112.011719	-29.450596
20155.078125	-29.197729
20198.144531	-29.607647
20241.210938	-29.390532
20284.277344	-29.334576
20327.343750	-29.401241
20370.410156	-29.350111
20413.476562	-29.917715
20456.542969	-29.985767
20499.609375	-29.666965
20542.675781	-29.674578
20585.742188	-30.210411
20628.808594	-30.196438
20671.875000	-29.598862
20714.941406	-29.507412
20758.007812	-29.621815
20801.074219	-30.253008
20844.140625	-30.113810
20887.207031	-29.772875
20930.273438	-29.666380
20973.339844	-29.231379
21016.406250	-29.921034
21059.472656	-29.859877
21102.539062	-29.809248
21145.605469	-29.914732
21188.671875	-30.126732
21231.738281	-29.862207
21274.804688	-29.750578
21317.871094	-30.034969
21360.937500	-29.774035
21404.003906	-29.947147
21447.070312	-29.690414
21490.136719	-29.597031
21533.203125	-29.947102
21576.269531	-30.930056
21619.335938	-30.276304
21662.402344	-29.477623
21705.468750	-29.363186
21748.535156	-29.336788
21791.601562	-29.465405
21834.667969	-29.381880
21877.734375	-29.274502
21920.800781	-30.111443
21963.867188	-30.815260
22006.933594	-30.501997
