Frequency (Hz)	Level (dB)
10.766602	-68.549538
21.533203	-37.746479
32.299805	-32.670994
43.066406	-39.725689
53.833008	-37.089012
64.599609	-32.976574
75.366211	-40.988987
86.132812	-66.726860
96.899414	-67.015518
107.666016	-51.857681
118.432617	-35.412579
129.199219	-34.139454
139.965820	-45.965145
150.732422	-64.679588
161.499023	-74.629417
172.265625	-81.544327
183.032227	-86.319710
193.798828	-87.613464
204.565430	-83.947624
215.332031	-76.904854
226.098633	-66.175659
236.865234	-43.094234
247.631836	-34.029484
258.398438	-37.303043
269.165039	-59.084465
279.931641	-72.772820
290.698242	-81.354080
301.464844	-87.706642
312.231445	-92.788719
322.998047	-97.058434
333.764648	-100.662468
344.531250	-103.314201
355.297852	-106.105698
366.064453	-106.855309
376.831055	-106.346672
387.597656	-105.235611
398.364258	-102.837654
409.130859	-99.843544
419.897461	-96.519264
430.664062	-92.671150
441.430664	-88.156067
452.197266	-82.677361
462.963867	-75.709427
473.730469	-65.923233
484.497070	-48.130157
495.263672	-35.390648
506.030273	-36.081673
516.796875	-51.291386
527.563477	-67.315781
538.330078	-76.625595
549.096680	-83.351547
559.863281	-88.654480
570.629883	-93.011055
581.396484	-96.747002
592.163086	-99.993423
602.929688	-102.835358
613.696289	-105.405983
624.462891	-107.743439
635.229492	-109.708611
645.996094	-111.380867
656.762695	-112.575317
667.529297	-114.546509
678.295898	-115.472221
689.062500	-114.792274
699.829102	-117.481667
710.595703	-117.220848
721.362305	-115.999329
732.128906	-120.413216
742.895508	-120.505569
753.662109	-120.508598
764.428711	-122.791580
775.195312	-120.050858
785.961914	-119.023941
796.728516	-121.956520
807.495117	-118.841415
818.261719	-118.375023
829.028320	-120.912460
839.794922	-117.422630
850.561523	-116.409874
861.328125	-117.901543
872.094727	-115.558014
882.861328	-113.668465
893.627930	-111.786026
904.394531	-108.647751
915.161133	-105.948334
925.927734	-102.371422
936.694336	-98.270798
947.460938	-93.296768
958.227539	-87.126236
968.994141	-78.851440
979.760742	-66.002060
990.527344	-39.476250
1001.293945	-34.982437
1012.060547	-42.589272
1022.827148	-69.861938
1033.593750	-81.177406
1044.360352	-88.842422
1055.126953	-94.675385
1065.893555	-99.545494
1076.660156	-103.432884
1087.426758	-106.702240
1098.193359	-109.695396
1108.959961	-112.405334
1119.726562	-114.705612
1130.493164	-116.128899
1141.259766	-118.621750
1152.026367	-119.368332
1162.792969	-119.719650
1173.559570	-123.268074
1184.326172	-121.766075
1195.092773	-121.996712
1205.859375	-124.590515
1216.625977	-122.643333
1227.392578	-123.841583
1238.159180	-123.510315
1248.925781	-120.894211
1259.692383	-122.720139
1270.458984	-124.037376
1281.225586	-122.187637
1291.992188	-124.609978
1302.758789	-125.997963
1313.525391	-124.033432
1324.291992	-126.537933
1335.058594	-125.668793
1345.825195	-122.923454
1356.591797	-125.716789
1367.358398	-120.902824
1378.125000	-118.969002
1388.891602	-124.911011
1399.658203	-123.069275
1410.424805	-121.778091
1421.191406	-125.136078
1431.958008	-125.020538
1442.724609	-124.734482
1453.491211	-126.537323
1464.257812	-125.090340
1475.024414	-126.596695
1485.791016	-126.804802
1496.557617	-123.713036
1507.324219	-124.409966
1518.090820	-125.373329
1528.857422	-124.040337
1539.624023	-125.401802
1550.390625	-127.079903
1561.157227	-124.376198
1571.923828	-125.489655
1582.690430	-125.179993
1593.457031	-121.867096
1604.223633	-124.623901
1614.990234	-124.300278
1625.756836	-120.822525
1636.523438	-124.153450
1647.290039	-125.082077
1658.056641	-123.747559
1668.823242	-124.958809
1679.589844	-124.426842
1690.356445	-123.394691
1701.123047	-125.275696
1711.889648	-124.880943
1722.656250	-125.192055
1733.422852	-125.199318
1744.189453	-123.755493
1754.956055	-122.751999
1765.722656	-125.324066
1776.489258	-123.261192
1787.255859	-122.332199
1798.022461	-123.025421
1808.789062	-120.655083
1819.555664	-120.275101
1830.322266	-119.669937
1841.088867	-117.417976
1851.855469	-115.748161
1862.622070	-114.628532
1873.388672	-112.206398
1884.155273	-110.129524
1894.921875	-107.652748
1905.688477	-104.646835
1916.455078	-101.703979
1927.221680	-97.954720
1937.988281	-93.774628
1948.754883	-88.664108
1959.521484	-82.289215
1970.288086	-73.660324
1981.054688	-59.827705
1991.821289	-38.974056
2002.587891	-35.928932
2013.354492	-45.261387
2024.121094	-67.529533
2034.887695	-78.212524
2045.654297	-85.588348
2056.420898	-91.284882
2067.187500	-95.965660
2077.954102	-99.865456
2088.720703	-103.254829
2099.487305	-106.213562
2110.253906	-109.046196
2121.020508	-111.180214
2131.787109	-113.452316
2142.553711	-115.458229
2153.320312	-116.523781
2164.086914	-118.317123
2174.853516	-120.473709
2185.620117	-120.560883
2196.386719	-122.090897
2207.153320	-123.326256
2217.919922	-123.031235
2228.686523	-124.627769
2239.453125	-125.635750
2250.219727	-125.291573
2260.986328	-125.703522
2271.752930	-125.686554
2282.519531	-125.336952
2293.286133	-126.418701
2304.052734	-126.851242
2314.819336	-124.253777
2325.585938	-126.434036
2336.352539	-126.346748
2347.119141	-124.753227
2357.885742	-127.645493
2368.652344	-127.069710
2379.418945	-126.738281
2390.185547	-127.770782
2400.952148	-124.911423
2411.718750	-125.625969
2422.485352	-127.617607
2433.251953	-125.249832
2444.018555	-126.062744
2454.785156	-128.477585
2465.551758	-126.761208
2476.318359	-127.263634
2487.084961	-128.242081
2497.851562	-125.564949
2508.618164	-126.226479
2519.384766	-127.401505
2530.151367	-124.902428
2540.917969	-126.950256
2551.684570	-127.698654
2562.451172	-126.425682
2573.217773	-127.775047
2583.984375	-127.185860
2594.750977	-125.909340
2605.517578	-128.053955
2616.284180	-126.796410
2627.050781	-125.577492
2637.817383	-127.067192
2648.583984	-126.566513
2659.350586	-125.855171
2670.117188	-127.828545
2680.883789	-126.513771
2691.650391	-125.202553
2702.416992	-127.121574
2713.183594	-124.711571
2723.950195	-124.231758
2734.716797	-126.417564
2745.483398	-125.180145
2756.250000	-125.669968
2767.016602	-127.207092
2777.783203	-125.368263
2788.549805	-126.166626
2799.316406	-127.614952
2810.083008	-125.015419
2820.849609	-125.850761
2831.616211	-128.134644
2842.382812	-126.809952
2853.149414	-128.146591
2863.916016	-128.691132
2874.682617	-125.975365
2885.449219	-125.630539
2896.215820	-126.417747
2906.982422	-125.882027
2917.749023	-127.237747
2928.515625	-127.909592
2939.282227	-126.121124
2950.048828	-127.626877
2960.815430	-125.965790
2971.582031	-124.593788
2982.348633	-127.880798
2993.115234	-126.707924
3003.881836	-125.989883
3014.648438	-128.315811
3025.415039	-125.360748
3036.181641	-124.856567
3046.948242	-127.711121
3057.714844	-125.396011
3068.481445	-124.744919
3079.248047	-127.417305
3090.014648	-128.641815
3100.781250	-128.155502
3111.547852	-128.050919
3122.314453	-127.769165
3133.081055	-127.330460
3143.847656	-127.270424
3154.614258	-125.844048
3165.380859	-126.913956
3176.147461	-127.319244
3186.914062	-126.129143
3197.680664	-127.436005
3208.447266	-128.405502
3219.213867	-126.073662
3229.980469	-127.718407
3240.747070	-127.690895
3251.513672	-126.271935
3262.280273	-129.460724
3273.046875	-127.544228
3283.813477	-125.782852
3294.580078	-128.506866
3305.346680	-128.025574
3316.113281	-127.693871
3326.879883	-129.348816
3337.646484	-127.577080
3348.413086	-126.574440
3359.179688	-128.075348
3369.946289	-127.141670
3380.712891	-127.437279
3391.479492	-128.891235
3402.246094	-126.754341
3413.012695	-127.014870
3423.779297	-129.514099
3434.545898	-127.792351
3445.312500	-128.149826
3456.079102	-129.089874
3466.845703	-126.288261
3477.612305	-126.668732
3488.378906	-127.433350
3499.145508	-126.879951
3509.912109	-128.028809
3520.678711	-127.037354
3531.445312	-127.116913
3542.211914	-128.079391
3552.978516	-128.432877
3563.745117	-127.349266
3574.511719	-128.666840
3585.278320	-127.428246
3596.044922	-125.388741
3606.811523	-127.791763
3617.578125	-128.396774
3628.344727	-127.401756
3639.111328	-128.596298
3649.877930	-127.008644
3660.644531	-128.589310
3671.411133	-127.975029
3682.177734	-126.612206
3692.944336	-127.155945
3703.710938	-126.916901
3714.477539	-126.762985
3725.244141	-125.588249
3736.010742	-126.460976
3746.777344	-125.561432
3757.543945	-124.013824
3768.310547	-124.634079
3779.077148	-123.135170
3789.843750	-121.865967
3800.610352	-121.689049
3811.376953	-119.681450
3822.143555	-118.502762
3832.910156	-117.628136
3843.676758	-115.536064
3854.443359	-113.710609
3865.209961	-112.024696
3875.976562	-109.495674
3886.743164	-107.407310
3897.509766	-104.781433
3908.276367	-101.757721
3919.042969	-98.598251
3929.809570	-94.781631
3940.576172	-90.375664
3951.342773	-85.027016
3962.109375	-78.221710
3972.875977	-68.774574
3983.642578	-52.304333
3994.409180	-37.995892
4005.175781	-37.741074
4015.942383	-51.150833
4026.708984	-68.260490
4037.475586	-77.876595
4048.242188	-84.762497
4059.008789	-90.170357
4069.775391	-94.610146
4080.541992	-98.420715
4091.308594	-101.663239
4102.075195	-104.673470
4112.841797	-107.260925
4123.608398	-109.536652
4134.375000	-111.847610
4145.141602	-113.554932
4155.908203	-115.681427
4166.674805	-116.895317
4177.441406	-118.785942
4188.208008	-119.745758
4198.974609	-121.330948
4209.741211	-122.382736
4220.507812	-122.683235
4231.274414	-124.699066
4242.041016	-124.758003
4252.807617	-125.406891
4263.574219	-126.596428
4274.340820	-127.403709
4285.107422	-125.850174
4295.874023	-127.318619
4306.640625	-127.489571
4317.407227	-127.579262
4328.173828	-127.042526
4338.940430	-127.461739
4349.707031	-126.651558
4360.473633	-129.303665
4371.240234	-127.018799
4382.006836	-128.209656
4392.773438	-129.203171
4403.540039	-127.403641
4414.306641	-128.072342
4425.073242	-127.714539
4435.839844	-127.325134
4446.606445	-128.128754
4457.373047	-129.409103
4468.139648	-128.165482
4478.906250	-128.902649
4489.672852	-128.382294
4500.439453	-127.176476
4511.206055	-128.488525
4521.972656	-128.621414
4532.739258	-129.124298
4543.505859	-129.139877
4554.272461	-128.600327
4565.039062	-129.020325
4575.805664	-130.467941
4586.572266	-127.097618
4597.338867	-127.182198
4608.105469	-128.441376
4618.872070	-127.710426
4629.638672	-127.462059
4640.405273	-129.617401
4651.171875	-127.715324
4661.938477	-126.890251
4672.705078	-128.528610
4683.471680	-127.672783
4694.238281	-127.483810
4705.004883	-128.394470
4715.771484	-127.841331
4726.538086	-128.974808
4737.304688	-129.167191
4748.071289	-127.402458
4758.837891	-127.782074
4769.604492	-128.487869
4780.371094	-128.625885
4791.137695	-129.527420
4801.904297	-128.527237
4812.670898	-127.814766
4823.437500	-128.605453
4834.204102	-128.228943
4844.970703	-127.537262
4855.737305	-128.574570
4866.503906	-129.376328
4877.270508	-129.186996
4888.037109	-129.018021
4898.803711	-128.183136
4909.570312	-127.704391
4920.336914	-129.408020
4931.103516	-129.090042
4941.870117	-127.764648
4952.636719	-128.061172
4963.403320	-127.702980
4974.169922	-128.621521
4984.936523	-129.608414
4995.703125	-127.558006
5006.469727	-128.041901
5017.236328	-129.899506
5028.002930	-129.227661
5038.769531	-129.224640
5049.536133	-129.636734
5060.302734	-128.204895
5071.069336	-128.760468
5081.835938	-129.168198
5092.602539	-127.965279
5103.369141	-128.946808
5114.135742	-128.297806
5124.902344	-127.867935
5135.668945	-128.479126
5146.435547	-128.833725
5157.202148	-128.012192
5167.968750	-129.811752
5178.735352	-129.569260
5189.501953	-128.791809
5200.268555	-129.400009
5211.035156	-129.647766
5221.801758	-130.172791
5232.568359	-129.999146
5243.334961	-129.906723
5254.101562	-129.620743
5264.868164	-129.724518
5275.634766	-128.572769
5286.401367	-128.482422
5297.167969	-129.455872
5307.934570	-128.292374
5318.701172	-128.606049
5329.467773	-129.162567
5340.234375	-127.460587
5351.000977	-127.746552
5361.767578	-127.987267
5372.534180	-126.193382
5383.300781	-127.248322
5394.067383	-129.275879
5404.833984	-128.182983
5415.600586	-128.485153
5426.367188	-128.619980
5437.133789	-129.305695
5447.900391	-129.471039
5458.666992	-127.071709
5469.433594	-126.018929
5480.200195	-128.521149
5490.966797	-128.627151
5501.733398	-127.676315
5512.500000	-128.866852
5523.266602	-127.582512
5534.033203	-126.272209
5544.799805	-127.941925
5555.566406	-129.926025
5566.333008	-129.837326
5577.099609	-129.532532
5587.866211	-129.914276
5598.632812	-129.605820
5609.399414	-129.882645
5620.166016	-129.144165
5630.932617	-128.546295
5641.699219	-130.377808
5652.465820	-129.154602
5663.232422	-128.920151
5673.999023	-129.484726
5684.765625	-127.749191
5695.532227	-129.350677
5706.298828	-131.697357
5717.065430	-129.125931
5727.832031	-129.212341
5738.598633	-129.141647
5749.365234	-128.340424
5760.131836	-128.207794
5770.898438	-128.270905
5781.665039	-128.674011
5792.431641	-129.670013
5803.198242	-130.002274
5813.964844	-128.877975
5824.731445	-129.433685
5835.498047	-129.224518
5846.264648	-128.598434
5857.031250	-130.746506
5867.797852	-130.567322
5878.564453	-128.980911
5889.331055	-128.966507
5900.097656	-128.231949
5910.864258	-128.206955
5921.630859	-129.376648
5932.397461	-128.874741
5943.164062	-129.079605
5953.930664	-129.404083
5964.697266	-128.406403
5975.463867	-128.504074
5986.230469	-129.393860
5996.997070	-129.232254
6007.763672	-129.731979
6018.530273	-129.239594
6029.296875	-128.161606
6040.063477	-128.556351
6050.830078	-129.053207
6061.596680	-127.625092
6072.363281	-128.739319
6083.129883	-129.729004
6093.896484	-126.901810
6104.663086	-128.186630
6115.429688	-129.665070
6126.196289	-130.049255
6136.962891	-130.194870
6147.729492	-129.754333
6158.496094	-129.675659
6169.262695	-129.314651
6180.029297	-128.848373
6190.795898	-129.002243
6201.562500	-130.481705
6212.329102	-129.454742
6223.095703	-129.260086
6233.862305	-129.019455
6244.628906	-128.332321
6255.395508	-129.002670
6266.162109	-129.940613
6276.928711	-128.186707
6287.695312	-128.222137
6298.461914	-130.057785
6309.228516	-128.931168
6319.995117	-128.441467
6330.761719	-129.800156
6341.528320	-129.474182
6352.294922	-130.576263
6363.061523	-129.280258
6373.828125	-128.061920
6384.594727	-128.824738
6395.361328	-128.895660
6406.127930	-128.650284
6416.894531	-129.134171
6427.661133	-129.073547
6438.427734	-129.246201
6449.194336	-129.827301
6459.960938	-128.686371
6470.727539	-129.441681
6481.494141	-130.267654
6492.260742	-128.517471
6503.027344	-127.657402
6513.793945	-129.635162
6524.560547	-127.927383
6535.327148	-128.444153
6546.093750	-129.797195
6556.860352	-129.243378
6567.626953	-130.055420
6578.393555	-130.191299
6589.160156	-128.749344
6599.926758	-128.788803
6610.693359	-129.022156
6621.459961	-128.227722
6632.226562	-128.237289
6642.993164	-129.406357
6653.759766	-127.969429
6664.526367	-128.600220
6675.292969	-129.747131
6686.059570	-128.910843
6696.826172	-129.356720
6707.592773	-129.617691
6718.359375	-127.952515
6729.125977	-128.771500
6739.892578	-128.769775
6750.659180	-128.586548
6761.425781	-129.929428
6772.192383	-129.494293
6782.958984	-127.664795
6793.725586	-128.485779
6804.492188	-128.761490
6815.258789	-128.406601
6826.025391	-129.171143
6836.791992	-129.295135
6847.558594	-128.390839
6858.325195	-128.697311
6869.091797	-128.949936
6879.858398	-129.421127
6890.625000	-129.635712
6901.391602	-128.306961
6912.158203	-127.793785
6922.924805	-128.867828
6933.691406	-128.807114
6944.458008	-129.511169
6955.224609	-129.947861
6965.991211	-128.416870
6976.757812	-128.714417
6987.524414	-129.486115
6998.291016	-127.944305
7009.057617	-129.338760
7019.824219	-129.363983
7030.590820	-128.910797
7041.357422	-129.273087
7052.124023	-129.655075
7062.890625	-128.950531
7073.657227	-129.096664
7084.423828	-129.784149
7095.190430	-129.086792
7105.957031	-129.552063
7116.723633	-129.229538
7127.490234	-128.710434
7138.256836	-128.932693
7149.023438	-128.054382
7159.790039	-128.448105
7170.556641	-130.051712
7181.323242	-129.618011
7192.089844	-129.701752
7202.856445	-130.597443
7213.623047	-129.730240
7224.389648	-129.801529
7235.156250	-129.890518
7245.922852	-128.833252
7256.689453	-128.961517
7267.456055	-129.026428
7278.222656	-130.014267
7288.989258	-130.197937
7299.755859	-128.708572
7310.522461	-129.752869
7321.289062	-129.878708
7332.055664	-129.920456
7342.822266	-130.060364
7353.588867	-129.249069
7364.355469	-129.605850
7375.122070	-129.823441
7385.888672	-129.817291
7396.655273	-130.362762
7407.421875	-129.886169
7418.188477	-130.154083
7428.955078	-130.076477
7439.721680	-128.618301
7450.488281	-129.088654
7461.254883	-129.772293
7472.021484	-130.302811
7482.788086	-130.491959
7493.554688	-129.657669
7504.321289	-129.091553
7515.087891	-129.670624
7525.854492	-129.814651
7536.621094	-129.588669
7547.387695	-129.577347
7558.154297	-128.970078
7568.920898	-128.715530
7579.687500	-130.303619
7590.454102	-129.827332
7601.220703	-129.264282
7611.987305	-129.925949
7622.753906	-128.605896
7633.520508	-129.182144
7644.287109	-129.579041
7655.053711	-128.729828
7665.820312	-129.432693
7676.586914	-129.496185
7687.353516	-129.486862
7698.120117	-130.347610
7708.886719	-129.451324
7719.653320	-127.290131
7730.419922	-128.726044
7741.186523	-128.398895
7751.953125	-129.112625
7762.719727	-129.844666
7773.486328	-128.837173
7784.252930	-128.736664
7795.019531	-129.873077
7805.786133	-126.864250
7816.552734	-127.053444
7827.319336	-126.573181
7838.085938	-125.666725
7848.852539	-124.274887
7859.619141	-122.894066
7870.385742	-120.641899
7881.152344	-118.390182
7891.918945	-116.417465
7902.685547	-113.731339
7913.452148	-110.632057
7924.218750	-107.239822
7934.985352	-103.120880
7945.751953	-98.359077
7956.518555	-92.367653
7967.285156	-84.540558
7978.051758	-72.806435
7988.818359	-44.047020
7999.584961	-37.486301
8010.351562	-42.905220
8021.118164	-71.379150
8031.884766	-83.662857
8042.651367	-91.737228
8053.417969	-97.759758
8064.184570	-102.725525
8074.951172	-106.785912
8085.717773	-110.208626
8096.484375	-113.288803
8107.250977	-116.184509
8118.017578	-117.834854
8128.784180	-120.803596
8139.550781	-122.239433
8150.317383	-123.865944
8161.083984	-124.737465
8171.850586	-125.781555
8182.617188	-126.141518
8193.383789	-127.907936
8204.150391	-127.115761
8214.916992	-127.533081
8225.683594	-128.033279
8236.450195	-129.016296
8247.216797	-129.132965
8257.983398	-130.222733
8268.750000	-129.923279
8279.516602	-128.807785
8290.283203	-129.129089
8301.049805	-129.671265
8311.816406	-129.835449
8322.583008	-128.859848
8333.349609	-128.535919
8344.116211	-128.019211
8354.882812	-129.293381
8365.649414	-129.149429
8376.416016	-128.683640
8387.182617	-129.078873
8397.949219	-129.105087
8408.715820	-129.781860
8419.482422	-130.308960
8430.249023	-129.394684
8441.015625	-129.906250
8451.782227	-130.039230
8462.548828	-129.527954
8473.315430	-128.605255
8484.082031	-129.208969
8494.848633	-128.746063
8505.615234	-128.974075
8516.381836	-130.620270
8527.148438	-129.958038
8537.915039	-129.388763
8548.681641	-129.987534
8559.448242	-129.611206
8570.214844	-129.839020
8580.981445	-130.282303
8591.748047	-129.447861
8602.514648	-129.933655
8613.281250	-129.324509
8624.047852	-128.351028
8634.814453	-130.641632
8645.581055	-130.098953
8656.347656	-129.461044
8667.114258	-130.042374
8677.880859	-129.988602
8688.647461	-129.341995
8699.414062	-129.853378
8710.180664	-129.692154
8720.947266	-128.678421
8731.713867	-129.878387
8742.480469	-129.407333
8753.247070	-129.559097
8764.013672	-130.705292
8774.780273	-130.137436
8785.546875	-129.139816
8796.313477	-129.965973
8807.080078	-129.002808
8817.846680	-129.821823
8828.613281	-130.724670
8839.379883	-130.037308
8850.146484	-129.176544
8860.913086	-128.898758
8871.679688	-128.618240
8882.446289	-129.001907
8893.212891	-129.462723
8903.979492	-129.498215
8914.746094	-129.606750
8925.512695	-129.402634
8936.279297	-129.761993
8947.045898	-129.006042
8957.812500	-129.355560
8968.579102	-129.422318
8979.345703	-129.049042
8990.112305	-130.227127
9000.878906	-130.070709
9011.645508	-130.078705
9022.412109	-130.212448
9033.178711	-129.659042
9043.945312	-130.058472
9054.711914	-130.790161
9065.478516	-130.600037
9076.245117	-131.169113
9087.011719	-129.969879
9097.778320	-129.328690
9108.544922	-130.284958
9119.311523	-128.368469
9130.078125	-128.733185
9140.844727	-130.514542
9151.611328	-130.528870
9162.377930	-129.885574
9173.144531	-130.289764
9183.911133	-129.683609
9194.677734	-129.012741
9205.444336	-130.755524
9216.210938	-130.087616
9226.977539	-130.555527
9237.744141	-130.180054
9248.510742	-129.196793
9259.277344	-130.477448
9270.043945	-130.213211
9280.810547	-130.072128
9291.577148	-130.929108
9302.343750	-131.111740
9313.110352	-129.905594
9323.876953	-129.929413
9334.643555	-131.044785
9345.410156	-129.078796
9356.176758	-128.920898
9366.943359	-128.944290
9377.709961	-129.672256
9388.476562	-131.119797
9399.243164	-130.523621
9410.009766	-129.451279
9420.776367	-130.660934
9431.542969	-130.313171
9442.309570	-130.544647
9453.076172	-129.928787
9463.842773	-129.762558
9474.609375	-129.878204
9485.375977	-129.521500
9496.142578	-129.448380
9506.909180	-130.150284
9517.675781	-129.994095
9528.442383	-128.983231
9539.208984	-129.443390
9549.975586	-129.929398
9560.742188	-131.109711
9571.508789	-130.942154
9582.275391	-129.833282
9593.041992	-129.483871
9603.808594	-129.754776
9614.575195	-130.024506
9625.341797	-129.307800
9636.108398	-130.326004
9646.875000	-130.158157
9657.641602	-129.972641
9668.408203	-130.004150
9679.174805	-129.624008
9689.941406	-129.699646
9700.708008	-130.131638
9711.474609	-130.082428
9722.241211	-130.187149
9733.007812	-131.149277
9743.774414	-130.516907
9754.541016	-129.912308
9765.307617	-130.432373
9776.074219	-130.961227
9786.840820	-131.426102
9797.607422	-130.416534
9808.374023	-128.935715
9819.140625	-128.947693
9829.907227	-129.247971
9840.673828	-129.145172
9851.440430	-130.359772
9862.207031	-130.703842
9872.973633	-129.948669
9883.740234	-130.294327
9894.506836	-129.245117
9905.273438	-128.239319
9916.040039	-129.660339
9926.806641	-131.392441
9937.573242	-130.188965
9948.339844	-129.888718
9959.106445	-129.389984
9969.873047	-128.829819
9980.639648	-129.235443
9991.406250	-129.445786
10002.172852	-128.702301
10012.939453	-130.805374
10023.706055	-130.869202
10034.472656	-131.016983
10045.239258	-131.343399
10056.005859	-129.927567
10066.772461	-129.858170
10077.539062	-130.387787
10088.305664	-129.592209
10099.072266	-130.080658
10109.838867	-130.403259
10120.605469	-129.488007
10131.372070	-128.712555
10142.138672	-128.704330
10152.905273	-128.767563
10163.671875	-129.431061
10174.438477	-130.658539
10185.205078	-130.381790
10195.971680	-131.037354
10206.738281	-131.927856
10217.504883	-130.805557
10228.271484	-131.729340
10239.038086	-129.743744
10249.804688	-129.460358
10260.571289	-130.954224
10271.337891	-130.041992
10282.104492	-129.942169
10292.871094	-130.261154
10303.637695	-129.642532
10314.404297	-129.391891
10325.170898	-129.340393
10335.937500	-129.318848
10346.704102	-129.730240
10357.470703	-130.569168
10368.237305	-129.533615
10379.003906	-129.449860
10389.770508	-130.159485
10400.537109	-129.451859
10411.303711	-130.110626
10422.070312	-130.339020
10432.836914	-129.768402
10443.603516	-130.915680
10454.370117	-131.032578
10465.136719	-129.111206
10475.903320	-129.950974
10486.669922	-130.559036
10497.436523	-130.475113
10508.203125	-130.618607
10518.969727	-130.428757
10529.736328	-129.079147
10540.502930	-129.106445
10551.269531	-130.248596
10562.036133	-130.634125
10572.802734	-129.985306
10583.569336	-128.956772
10594.335938	-128.755707
10605.102539	-130.404297
10615.869141	-129.644974
10626.635742	-128.346924
10637.402344	-129.863113
10648.168945	-128.916382
10658.935547	-128.445602
10669.702148	-130.070221
10680.468750	-129.625061
10691.235352	-129.646805
10702.001953	-129.663986
10712.768555	-129.526932
10723.535156	-128.636154
10734.301758	-129.927872
10745.068359	-129.007919
10755.834961	-128.827240
10766.601562	-130.866745
10777.368164	-129.199570
10788.134766	-129.809692
10798.901367	-131.283707
10809.667969	-129.625259
10820.434570	-129.146820
10831.201172	-129.624802
10841.967773	-129.969742
10852.734375	-130.068741
10863.500977	-129.375183
10874.267578	-129.500610
10885.034180	-131.113251
10895.800781	-131.162384
10906.567383	-130.262863
10917.333984	-130.241211
10928.100586	-130.387375
10938.867188	-129.881042
10949.633789	-129.798508
10960.400391	-129.818893
10971.166992	-129.603973
10981.933594	-130.124939
10992.700195	-129.304047
11003.466797	-128.715347
11014.233398	-129.991577
11025.000000	-129.014755
11035.766602	-129.564865
11046.533203	-130.296616
11057.299805	-130.495636
11068.066406	-131.566452
11078.833008	-130.308365
11089.599609	-129.865326
11100.366211	-130.628586
11111.132812	-130.318970
11121.899414	-129.652176
11132.666016	-128.876862
11143.432617	-129.981812
11154.199219	-130.700089
11164.965820	-130.249390
11175.732422	-130.622482
11186.499023	-129.492233
11197.265625	-129.406891
11208.032227	-129.846008
11218.798828	-129.526382
11229.565430	-130.253555
11240.332031	-129.888824
11251.098633	-130.342346
11261.865234	-130.371185
11272.631836	-129.963699
11283.398438	-129.368622
11294.165039	-129.964874
11304.931641	-130.051239
11315.698242	-130.429855
11326.464844	-130.741837
11337.231445	-129.694641
11347.998047	-129.452286
11358.764648	-130.442078
11369.531250	-129.313477
11380.297852	-129.141159
11391.064453	-130.845917
11401.831055	-130.697006
11412.597656	-130.764618
11423.364258	-129.865601
11434.130859	-129.356628
11444.897461	-130.065430
11455.664062	-130.941818
11466.430664	-130.305038
11477.197266	-129.875427
11487.963867	-129.765854
11498.730469	-128.821457
11509.497070	-130.146027
11520.263672	-130.941223
11531.030273	-129.756546
11541.796875	-129.814972
11552.563477	-129.807373
11563.330078	-128.952271
11574.096680	-129.097031
11584.863281	-128.802902
11595.629883	-129.438599
11606.396484	-130.954681
11617.163086	-130.107300
11627.929688	-129.326553
11638.696289	-130.570251
11649.462891	-130.221664
11660.229492	-129.452744
11670.996094	-130.381546
11681.762695	-129.854736
11692.529297	-129.414230
11703.295898	-129.351608
11714.062500	-129.426819
11724.829102	-129.598770
11735.595703	-128.965347
11746.362305	-129.819397
11757.128906	-129.920929
11767.895508	-129.973068
11778.662109	-129.971954
11789.428711	-130.082321
11800.195312	-130.653748
11810.961914	-128.798996
11821.728516	-128.907455
11832.495117	-129.606735
11843.261719	-128.625977
11854.028320	-129.080154
11864.794922	-130.139999
11875.561523	-129.516586
11886.328125	-129.973877
11897.094727	-129.561539
11907.861328	-130.250992
11918.627930	-129.948059
11929.394531	-130.047928
11940.161133	-130.295547
11950.927734	-129.607071
11961.694336	-129.302612
11972.460938	-128.896225
11983.227539	-129.518021
11993.994141	-128.929932
12004.760742	-130.379333
12015.527344	-130.859421
12026.293945	-129.765594
12037.060547	-129.957184
12047.827148	-131.684387
12058.593750	-130.412918
12069.360352	-129.329376
12080.126953	-129.462906
12090.893555	-128.859909
12101.660156	-129.301468
12112.426758	-129.567657
12123.193359	-127.367645
12133.959961	-128.101685
12144.726562	-129.417419
12155.493164	-128.295731
12166.259766	-129.669724
12177.026367	-130.433243
12187.792969	-129.252747
12198.559570	-130.011124
12209.326172	-130.081360
12220.092773	-129.847397
12230.859375	-129.170120
12241.625977	-129.281967
12252.392578	-129.815765
12263.159180	-129.651123
12273.925781	-130.319229
12284.692383	-130.271484
12295.458984	-129.807648
12306.225586	-129.487534
12316.992188	-129.645966
12327.758789	-130.768509
12338.525391	-131.412460
12349.291992	-130.819611
12360.058594	-130.675217
12370.825195	-129.582733
12381.591797	-130.615189
12392.358398	-130.594574
12403.125000	-130.496689
12413.891602	-130.023605
12424.658203	-129.808502
12435.424805	-129.036850
12446.191406	-129.234375
12456.958008	-128.849396
12467.724609	-128.612503
12478.491211	-129.980789
12489.257812	-129.203903
12500.024414	-129.455612
12510.791016	-130.550400
12521.557617	-130.597778
12532.324219	-130.284927
12543.090820	-131.569916
12553.857422	-130.681549
12564.624023	-129.940781
12575.390625	-131.443741
12586.157227	-130.402191
12596.923828	-128.767319
12607.690430	-130.531143
12618.457031	-131.145798
12629.223633	-130.299255
12639.990234	-130.321289
12650.756836	-129.594833
12661.523438	-129.501602
12672.290039	-131.222824
12683.056641	-131.851166
12693.823242	-131.357605
12704.589844	-131.351242
12715.356445	-131.293610
12726.123047	-130.180222
12736.889648	-129.118073
12747.656250	-129.306641
12758.422852	-130.662598
12769.189453	-131.363525
12779.956055	-129.481873
12790.722656	-129.834381
12801.489258	-130.804825
12812.255859	-130.008759
12823.022461	-131.397934
12833.789062	-130.593063
12844.555664	-129.821228
12855.322266	-130.717865
12866.088867	-130.496338
12876.855469	-129.767487
12887.622070	-130.119232
12898.388672	-130.557541
12909.155273	-130.278549
12919.921875	-130.370148
12930.688477	-131.091370
12941.455078	-131.255844
12952.221680	-131.754868
12962.988281	-130.796356
12973.754883	-130.834793
12984.521484	-130.847565
12995.288086	-129.278778
13006.054688	-128.801453
13016.821289	-129.759521
13027.587891	-130.150848
13038.354492	-130.012543
13049.121094	-130.583405
13059.887695	-130.391342
13070.654297	-130.861969
13081.420898	-128.944214
13092.187500	-128.757294
13102.954102	-130.697342
13113.720703	-130.623169
13124.487305	-130.236328
13135.253906	-130.470123
13146.020508	-129.638885
13156.787109	-130.412201
13167.553711	-131.340546
13178.320312	-130.359802
13189.086914	-129.596603
13199.853516	-131.221405
13210.620117	-130.296112
13221.386719	-130.298080
13232.153320	-130.805420
13242.919922	-129.758652
13253.686523	-129.166428
13264.453125	-130.983398
13275.219727	-131.378754
13285.986328	-130.367142
13296.752930	-130.901459
13307.519531	-130.398010
13318.286133	-130.455643
13329.052734	-131.019760
13339.819336	-130.457947
13350.585938	-129.936401
13361.352539	-128.952881
13372.119141	-128.337585
13382.885742	-129.933395
13393.652344	-131.210739
13404.418945	-129.223175
13415.185547	-130.472321
13425.952148	-131.501328
13436.718750	-129.551498
13447.485352	-131.140320
13458.251953	-132.067398
13469.018555	-130.245438
13479.785156	-129.859406
13490.551758	-129.897232
13501.318359	-130.345306
13512.084961	-131.433273
13522.851562	-130.347488
13533.618164	-128.841904
13544.384766	-130.626205
13555.151367	-130.374039
13565.917969	-130.043350
13576.684570	-130.429626
13587.451172	-129.616043
13598.217773	-130.175568
13608.984375	-130.187195
13619.750977	-130.170609
13630.517578	-130.477249
13641.284180	-130.245819
13652.050781	-130.021011
13662.817383	-130.170517
13673.583984	-129.425964
13684.350586	-129.143875
13695.117188	-130.364609
13705.883789	-131.075104
13716.650391	-131.537659
13727.416992	-130.527237
13738.183594	-130.904724
13748.950195	-131.331284
13759.716797	-131.446136
13770.483398	-131.562302
13781.250000	-131.286392
13792.016602	-130.503784
13802.783203	-130.377838
13813.549805	-130.346527
13824.316406	-131.516693
13835.083008	-132.041977
13845.849609	-131.363693
13856.616211	-131.785706
13867.382812	-132.067215
13878.149414	-130.943634
13888.916016	-131.361404
13899.682617	-131.332169
13910.449219	-131.958511
13921.215820	-132.142258
13931.982422	-130.965393
13942.749023	-129.925095
13953.515625	-130.171432
13964.282227	-129.764175
13975.048828	-130.165970
13985.815430	-130.810532
13996.582031	-130.589752
14007.348633	-130.828903
14018.115234	-130.951324
14028.881836	-130.098343
14039.648438	-130.255676
14050.415039	-131.592926
14061.181641	-131.521332
14071.948242	-130.610580
14082.714844	-130.825592
14093.481445	-130.859482
14104.248047	-130.812500
14115.014648	-130.712036
14125.781250	-129.496628
14136.547852	-129.653336
14147.314453	-129.712799
14158.081055	-129.038101
14168.847656	-129.682968
14179.614258	-129.491379
14190.380859	-129.860962
14201.147461	-129.893127
14211.914062	-129.747650
14222.680664	-130.155777
14233.447266	-130.501236
14244.213867	-130.613541
14254.980469	-130.526703
14265.747070	-130.386444
14276.513672	-130.695770
14287.280273	-130.651199
14298.046875	-130.623886
14308.813477	-129.674088
14319.580078	-129.195450
14330.346680	-130.391037
14341.113281	-129.724319
14351.879883	-130.541260
14362.646484	-130.453888
14373.413086	-130.294571
14384.179688	-129.820862
14394.946289	-131.035004
14405.712891	-130.819611
14416.479492	-130.358566
14427.246094	-130.698639
14438.012695	-132.039398
14448.779297	-131.980820
14459.545898	-130.946854
14470.312500	-130.089005
14481.079102	-130.824280
14491.845703	-130.917542
14502.612305	-131.088120
14513.378906	-130.970993
14524.145508	-130.452988
14534.912109	-130.119141
14545.678711	-129.589981
14556.445312	-129.738998
14567.211914	-129.910080
14577.978516	-130.429718
14588.745117	-130.457397
14599.511719	-131.022644
14610.278320	-131.147705
14621.044922	-129.982147
14631.811523	-129.928192
14642.578125	-130.423065
14653.344727	-129.515579
14664.111328	-130.104141
14674.877930	-131.114670
14685.644531	-130.297501
14696.411133	-130.922119
14707.177734	-131.442444
14717.944336	-130.578934
14728.710938	-129.934402
14739.477539	-129.115311
14750.244141	-128.855560
14761.010742	-130.195206
14771.777344	-131.253876
14782.543945	-129.647995
14793.310547	-129.047211
14804.077148	-130.090668
14814.843750	-129.583740
14825.610352	-130.023895
14836.376953	-130.015350
14847.143555	-130.295227
14857.910156	-130.562180
14868.676758	-130.519119
14879.443359	-130.185699
14890.209961	-129.701355
14900.976562	-129.644058
14911.743164	-129.867569
14922.509766	-130.873840
14933.276367	-130.749817
14944.042969	-131.195618
14954.809570	-130.770096
14965.576172	-130.759857
14976.342773	-129.477280
14987.109375	-129.476547
14997.875977	-130.477844
15008.642578	-131.317383
15019.409180	-130.183228
15030.175781	-129.384354
15040.942383	-130.731995
15051.708984	-130.457260
15062.475586	-130.983612
15073.242188	-131.287552
15084.008789	-130.908264
15094.775391	-130.077805
15105.541992	-130.602539
15116.308594	-130.685364
15127.075195	-129.693939
15137.841797	-130.153870
15148.608398	-130.377914
15159.375000	-130.383240
15170.141602	-129.826660
15180.908203	-129.329834
15191.674805	-129.194672
15202.441406	-131.206223
15213.208008	-130.281570
15223.974609	-129.835175
15234.741211	-130.837646
15245.507812	-129.731781
15256.274414	-130.385483
15267.041016	-131.080246
15277.807617	-129.384308
15288.574219	-130.201172
15299.340820	-131.625290
15310.107422	-131.000488
15320.874023	-130.434052
15331.640625	-130.001129
15342.407227	-129.663010
15353.173828	-130.919067
15363.940430	-131.055496
15374.707031	-130.721848
15385.473633	-131.194031
15396.240234	-130.855377
15407.006836	-130.986069
15417.773438	-131.307220
15428.540039	-130.650711
15439.306641	-128.877701
15450.073242	-129.609024
15460.839844	-130.647354
15471.606445	-131.406311
15482.373047	-130.974182
15493.139648	-129.687927
15503.906250	-130.575348
15514.672852	-130.684158
15525.439453	-129.809174
15536.206055	-129.968506
15546.972656	-130.899170
15557.739258	-131.747086
15568.505859	-131.397324
15579.272461	-130.773376
15590.039062	-130.047974
15600.805664	-130.250534
15611.572266	-130.989395
15622.338867	-131.126099
15633.105469	-130.906082
15643.872070	-131.906723
15654.638672	-130.154373
15665.405273	-129.907379
15676.171875	-129.319763
15686.938477	-130.105179
15697.705078	-129.896774
15708.471680	-130.987854
15719.238281	-129.135773
15730.004883	-131.165604
15740.771484	-129.631104
15751.538086	-128.938248
15762.304688	-129.636566
15773.071289	-129.060364
15783.837891	-128.236664
15794.604492	-128.312439
15805.371094	-127.370781
15816.137695	-126.721107
15826.904297	-125.481567
15837.670898	-125.026886
15848.437500	-122.554337
15859.204102	-121.460434
15869.970703	-120.070023
15880.737305	-117.265450
15891.503906	-114.833473
15902.270508	-112.463974
15913.037109	-109.322937
15923.803711	-105.869164
15934.570312	-101.779999
15945.336914	-97.049934
15956.103516	-91.142975
15966.870117	-83.411682
15977.636719	-71.969238
15988.403320	-45.972145
15999.169922	-38.844822
16009.936523	-43.695305
16020.703125	-69.147537
16031.469727	-81.721329
16042.236328	-89.884407
16053.002930	-96.019089
16063.769531	-100.940460
16074.536133	-105.094162
16085.302734	-108.636383
16096.069336	-111.640907
16106.835938	-114.521339
16117.602539	-116.742371
16128.369141	-118.975616
16139.135742	-121.188698
16149.902344	-122.703133
16160.668945	-124.019211
16171.435547	-125.585823
16182.202148	-125.799767
16192.968750	-128.603958
16203.735352	-127.147285
16214.501953	-128.399841
16225.268555	-129.437531
16236.035156	-128.569534
16246.801758	-128.932587
16257.568359	-129.932785
16268.334961	-129.695023
16279.101562	-129.422882
16289.868164	-129.174606
16300.634766	-130.875122
16311.401367	-130.532379
16322.167969	-130.992035
16332.934570	-131.149323
16343.701172	-130.150146
16354.467773	-129.798355
16365.234375	-129.428970
16376.000977	-129.518417
16386.767578	-131.104156
16397.534180	-129.990265
16408.300781	-130.593124
16419.067383	-130.887253
16429.833984	-130.479355
16440.600586	-132.396866
16451.367188	-131.463211
16462.133789	-130.839188
16472.900391	-131.249222
16483.666992	-131.841843
16494.433594	-131.475677
16505.200195	-131.654510
16515.966797	-130.962509
16526.733398	-129.952423
16537.500000	-129.773010
16548.266602	-130.114899
16559.033203	-128.890945
16569.799805	-129.361969
16580.566406	-130.407181
16591.333008	-130.525833
16602.099609	-130.112732
16612.866211	-130.949860
16623.632812	-130.150925
16634.399414	-130.384903
16645.166016	-129.918961
16655.932617	-129.180008
16666.699219	-129.761978
16677.465820	-130.095840
16688.232422	-130.704071
16698.999023	-131.185623
16709.765625	-131.077484
16720.532227	-130.529236
16731.298828	-130.483582
16742.065430	-130.133301
16752.832031	-130.003372
16763.598633	-131.085602
16774.365234	-130.638016
16785.131836	-130.762161
16795.898438	-131.746887
16806.665039	-131.074417
16817.431641	-130.104294
16828.198242	-130.674744
16838.964844	-129.549393
16849.731445	-129.622330
16860.498047	-131.277069
16871.264648	-130.375549
16882.031250	-130.495865
16892.797852	-131.172760
16903.564453	-130.528961
16914.331055	-129.756607
16925.097656	-131.275635
16935.864258	-130.839752
16946.630859	-129.854950
16957.397461	-130.146484
16968.164062	-129.956604
16978.930664	-130.567413
16989.697266	-131.184418
17000.463867	-130.272690
17011.230469	-129.903687
17021.997070	-129.831909
17032.763672	-129.774643
17043.530273	-130.566605
17054.296875	-130.208923
17065.063477	-130.188126
17075.830078	-129.985291
17086.596680	-129.807861
17097.363281	-129.561523
17108.129883	-131.631836
17118.896484	-131.288254
17129.663086	-130.234589
17140.429688	-130.293396
17151.196289	-130.500931
17161.962891	-130.225433
17172.729492	-131.028259
17183.496094	-130.612869
17194.262695	-130.733398
17205.029297	-131.260468
17215.795898	-131.216278
17226.562500	-130.150208
17237.329102	-131.010376
17248.095703	-129.155472
17258.862305	-129.384064
17269.628906	-130.044815
17280.395508	-130.035965
17291.162109	-130.393600
17301.928711	-130.011856
17312.695312	-131.024490
17323.461914	-131.364609
17334.228516	-131.213104
17344.995117	-131.448318
17355.761719	-130.348953
17366.528320	-129.771652
17377.294922	-129.553467
17388.061523	-130.890213
17398.828125	-131.645081
17409.594727	-130.789490
17420.361328	-130.936401
17431.127930	-131.045593
17441.894531	-130.312714
17452.661133	-130.744629
17463.427734	-130.846024
17474.194336	-130.646637
17484.960938	-131.446976
17495.727539	-131.166992
17506.494141	-130.713287
17517.260742	-130.269104
17528.027344	-131.033066
17538.793945	-130.857376
17549.560547	-130.704575
17560.327148	-130.678574
17571.093750	-129.824326
17581.860352	-130.935318
17592.626953	-130.743027
17603.393555	-130.487335
17614.160156	-130.276855
17624.926758	-128.939026
17635.693359	-129.170364
17646.459961	-130.829651
17657.226562	-130.666580
17667.993164	-129.864273
17678.759766	-129.460129
17689.526367	-130.280777
17700.292969	-130.352020
17711.059570	-130.090164
17721.826172	-129.513794
17732.592773	-130.699539
17743.359375	-130.323242
17754.125977	-130.192642
17764.892578	-130.805054
17775.659180	-129.985611
17786.425781	-130.576614
17797.192383	-130.520462
17807.958984	-129.957809
17818.725586	-130.288391
17829.492188	-130.928238
17840.258789	-130.442932
17851.025391	-129.900711
17861.791992	-130.147842
17872.558594	-130.427078
17883.325195	-129.892578
17894.091797	-131.059113
17904.858398	-130.371155
17915.625000	-131.209427
17926.391602	-131.303192
17937.158203	-131.360504
17947.924805	-131.638245
17958.691406	-131.097931
17969.458008	-130.234650
17980.224609	-130.827438
17990.991211	-130.813614
18001.757812	-130.465530
18012.524414	-131.181152
18023.291016	-130.846832
18034.057617	-131.125977
18044.824219	-130.703568
18055.590820	-130.112732
18066.357422	-129.245331
18077.124023	-130.560303
18087.890625	-130.906021
18098.657227	-129.740234
18109.423828	-129.726288
18120.190430	-130.692764
18130.957031	-131.365768
18141.723633	-131.949997
18152.490234	-130.507782
18163.256836	-130.665955
18174.023438	-132.963623
18184.790039	-131.351273
18195.556641	-130.408493
18206.323242	-130.995041
18217.089844	-130.410492
18227.856445	-130.676743
18238.623047	-130.588455
18249.389648	-130.729614
18260.156250	-130.889587
18270.922852	-130.155487
18281.689453	-130.647430
18292.456055	-131.543716
18303.222656	-130.994171
18313.989258	-130.405167
18324.755859	-131.066177
18335.522461	-130.457764
18346.289062	-130.905136
18357.055664	-130.376633
18367.822266	-130.269287
18378.588867	-130.634705
18389.355469	-130.273193
18400.122070	-130.752960
18410.888672	-131.133698
18421.655273	-131.588593
18432.421875	-132.492905
18443.188477	-132.428467
18453.955078	-131.335556
18464.721680	-131.518829
18475.488281	-131.094833
18486.254883	-130.767227
18497.021484	-130.630951
18507.788086	-130.605637
18518.554688	-130.540192
18529.321289	-129.703079
18540.087891	-130.458084
18550.854492	-130.096924
18561.621094	-130.476379
18572.387695	-131.648499
18583.154297	-132.065338
18593.920898	-131.936172
18604.687500	-131.193497
18615.454102	-131.181686
18626.220703	-130.572662
18636.987305	-129.791443
18647.753906	-129.622070
18658.520508	-128.832016
18669.287109	-129.344055
18680.053711	-130.486923
18690.820312	-130.318466
18701.586914	-131.043106
18712.353516	-130.921448
18723.120117	-130.761017
18733.886719	-130.671509
18744.653320	-131.337753
18755.419922	-131.081284
18766.186523	-130.461380
18776.953125	-130.362915
18787.719727	-130.191284
18798.486328	-130.341217
18809.252930	-131.104584
18820.019531	-130.458313
18830.786133	-131.527496
18841.552734	-131.121140
18852.319336	-131.331116
18863.085938	-130.870972
18873.852539	-130.963150
18884.619141	-130.652466
18895.385742	-129.847595
18906.152344	-129.290802
18916.918945	-130.049194
18927.685547	-130.237091
18938.452148	-131.392273
18949.218750	-130.785858
18959.985352	-129.813126
18970.751953	-130.018173
18981.518555	-129.078796
18992.285156	-130.102356
19003.051758	-130.691696
19013.818359	-130.378357
19024.584961	-130.232468
19035.351562	-130.000122
19046.118164	-130.448273
19056.884766	-129.586807
19067.651367	-130.392136
19078.417969	-130.073502
19089.184570	-129.917816
19099.951172	-128.992630
19110.717773	-130.022263
19121.484375	-131.215897
19132.250977	-129.963318
19143.017578	-130.817169
19153.784180	-131.078613
19164.550781	-130.263672
19175.317383	-130.341568
19186.083984	-130.677719
19196.850586	-131.168137
19207.617188	-131.692429
19218.383789	-131.770462
19229.150391	-132.640564
19239.916992	-131.343048
19250.683594	-130.168137
19261.450195	-131.196060
19272.216797	-131.750153
19282.983398	-131.436432
19293.750000	-130.579315
19304.516602	-129.691544
19315.283203	-130.257233
19326.049805	-131.589005
19336.816406	-131.316040
19347.583008	-130.729919
19358.349609	-130.019196
19369.116211	-129.869553
19379.882812	-129.631943
19390.649414	-130.291656
19401.416016	-131.450424
19412.182617	-131.348404
19422.949219	-130.347229
19433.715820	-130.477921
19444.482422	-130.213959
19455.249023	-129.727798
19466.015625	-129.817917
19476.782227	-130.259583
19487.548828	-129.855148
19498.315430	-129.767410
19509.082031	-130.591171
19519.848633	-131.820618
19530.615234	-131.356094
19541.381836	-132.283676
19552.148438	-131.856339
19562.915039	-130.336823
19573.681641	-130.728104
19584.448242	-129.752365
19595.214844	-130.250244
19605.981445	-131.029373
19616.748047	-131.256851
19627.514648	-130.072708
19638.281250	-130.049835
19649.047852	-131.086105
19659.814453	-131.104965
19670.581055	-129.869370
19681.347656	-129.795532
19692.114258	-130.565018
19702.880859	-131.521606
19713.647461	-132.627884
19724.414062	-131.210831
19735.180664	-130.959396
19745.947266	-131.656036
19756.713867	-130.677689
19767.480469	-130.481705
19778.247070	-130.855469
19789.013672	-131.012360
19799.780273	-130.361343
19810.546875	-129.989273
19821.313477	-130.304962
19832.080078	-131.609772
19842.846680	-130.300217
19853.613281	-129.182968
19864.379883	-129.661514
19875.146484	-130.865845
19885.913086	-131.171097
19896.679688	-130.732819
19907.446289	-130.582870
19918.212891	-131.283997
19928.979492	-130.216217
19939.746094	-130.235947
19950.512695	-131.583130
19961.279297	-130.705383
19972.045898	-129.828003
19982.812500	-130.729965
19993.579102	-130.029831
20004.345703	-129.959335
20015.112305	-131.106232
20025.878906	-131.300659
20036.645508	-130.722382
20047.412109	-130.130615
20058.178711	-129.891449
20068.945312	-130.239136
20079.711914	-130.411087
20090.478516	-129.676102
20101.245117	-130.314438
20112.011719	-131.174820
20122.778320	-131.602219
20133.544922	-131.569412
20144.311523	-130.744354
20155.078125	-130.527756
20165.844727	-130.856384
20176.611328	-130.550461
20187.377930	-130.107239
20198.144531	-130.588669
20208.911133	-130.295227
20219.677734	-129.615265
20230.444336	-130.934784
20241.210938	-132.760529
20251.977539	-130.946548
20262.744141	-130.656998
20273.510742	-130.845276
20284.277344	-131.202179
20295.043945	-131.954239
20305.810547	-131.760101
20316.577148	-130.607010
20327.343750	-130.549225
20338.110352	-130.119949
20348.876953	-129.186600
20359.643555	-129.326797
20370.410156	-130.363144
20381.176758	-130.349503
20391.943359	-131.948715
20402.709961	-131.684662
20413.476562	-131.302872
20424.243164	-130.717102
20435.009766	-130.050140
20445.776367	-130.820084
20456.542969	-130.178299
20467.309570	-129.823730
20478.076172	-129.708389
20488.842773	-130.356903
20499.609375	-130.609634
20510.375977	-130.991333
20521.142578	-130.680740
20531.909180	-130.515259
20542.675781	-131.524185
20553.442383	-130.469177
20564.208984	-131.727478
20574.975586	-131.785721
20585.742188	-130.742889
20596.508789	-129.613113
20607.275391	-131.167908
20618.041992	-132.416306
20628.808594	-131.755600
20639.575195	-131.707932
20650.341797	-130.796265
20661.108398	-129.593933
20671.875000	-130.713684
20682.641602	-129.612900
20693.408203	-130.660919
20704.174805	-130.070572
20714.941406	-129.389450
20725.708008	-130.643982
20736.474609	-131.533920
20747.241211	-130.161636
20758.007812	-130.141983
20768.774414	-131.846146
20779.541016	-130.959412
20790.307617	-129.533234
20801.074219	-129.613083
20811.840820	-130.573318
20822.607422	-130.573471
20833.374023	-130.609848
20844.140625	-131.045197
20854.907227	-131.666794
20865.673828	-130.510834
20876.440430	-129.451218
20887.207031	-129.849899
20897.973633	-129.650085
20908.740234	-130.675278
20919.506836	-130.868103
20930.273438	-131.414429
20941.040039	-130.926315
20951.806641	-130.366196
20962.573242	-130.594223
20973.339844	-131.116592
20984.106445	-131.459518
20994.873047	-129.477280
21005.639648	-129.240860
21016.406250	-130.232468
21027.172852	-130.746628
21037.939453	-131.170776
21048.706055	-130.149811
21059.472656	-130.698624
21070.239258	-130.259186
21081.005859	-129.788788
21091.772461	-129.702240
21102.539062	-130.634094
21113.305664	-131.383423
21124.072266	-130.598282
21134.838867	-129.986618
21145.605469	-129.680847
21156.372070	-129.176819
21167.138672	-129.913940
21177.905273	-131.114319
21188.671875	-129.946030
21199.438477	-130.807755
21210.205078	-132.162582
21220.971680	-131.475510
21231.738281	-130.600906
21242.504883	-130.509689
21253.271484	-131.503006
21264.038086	-131.104691
21274.804688	-129.918167
21285.571289	-131.293274
21296.337891	-131.946716
21307.104492	-131.516083
21317.871094	-131.445435
21328.637695	-130.074875
21339.404297	-129.962585
21350.170898	-129.937347
21360.937500	-131.277954
21371.704102	-131.181427
21382.470703	-130.597229
21393.237305	-130.417633
21404.003906	-129.947678
21414.770508	-130.132904
21425.537109	-131.594543
21436.303711	-131.571091
21447.070312	-131.432419
21457.836914	-130.975861
21468.603516	-130.441162
21479.370117	-130.500565
21490.136719	-131.377426
21500.903320	-131.658493
21511.669922	-131.121567
21522.436523	-131.847504
21533.203125	-131.694443
21543.969727	-131.288040
21554.736328	-131.034241
21565.502930	-130.607056
21576.269531	-130.894348
21587.036133	-130.580338
21597.802734	-130.569000
21608.569336	-131.475922
21619.335938	-130.355759
21630.102539	-130.200089
21640.869141	-130.106293
21651.635742	-130.348175
21662.402344	-131.186584
21673.168945	-131.239731
21683.935547	-130.585983
21694.702148	-129.806778
21705.468750	-130.029114
21716.235352	-130.606400
21727.001953	-132.234192
21737.768555	-130.968918
21748.535156	-130.350815
21759.301758	-130.623108
21770.068359	-130.684677
21780.834961	-130.582016
21791.601562	-130.345581
21802.368164	-130.690170
21813.134766	-130.484650
21823.901367	-130.336166
21834.667969	-130.776031
21845.434570	-131.415283
21856.201172	-130.441956
21866.967773	-129.682541
21877.734375	-130.899963
21888.500977	-130.427338
21899.267578	-130.225494
21910.034180	-130.313019
21920.800781	-130.142670
21931.567383	-130.822296
21942.333984	-131.247604
21953.100586	-131.469406
21963.867188	-130.110840
21974.633789	-129.280777
21985.400391	-129.540039
21996.166992	-128.821136
22006.933594	-128.683624
22017.700195	-130.428131
22028.466797	-130.829453
22039.233398	-131.560455
