Frequency (Hz)	Level (dB)
43.066406	-103.266647
86.132812	-94.763893
129.199219	-89.622467
172.265625	-85.585442
215.332031	-63.204212
258.398438	-59.482239
301.464844	-68.167427
344.531250	-66.345840
387.597656	-63.526913
430.664062	-51.942215
473.730469	-35.874702
516.796875	-34.569870
559.863281	-46.391285
602.929688	-64.610916
645.996094	-70.995598
689.062500	-73.453644
732.128906	-77.944672
775.195312	-84.497551
818.261719	-90.967941
861.328125	-95.544212
904.394531	-92.342354
947.460938	-69.821800
990.527344	-60.760586
1033.593750	-64.034744
1076.660156	-85.916656
1119.726562	-99.434937
1162.792969	-107.139427
1205.859375	-112.276382
1248.925781	-114.746918
1291.992188	-117.176903
1335.058594	-118.783646
1378.125000	-119.881889
1421.191406	-120.714157
1464.257812	-109.109871
1507.324219	-105.398499
1550.390625	-113.186310
1593.457031	-123.350227
1636.523438	-122.829506
1679.589844	-123.263550
1722.656250	-121.262947
1765.722656	-120.437088
1808.789062	-124.096123
1851.855469	-123.930389
1894.921875	-121.636932
1937.988281	-106.909645
1981.054688	-94.174484
2024.121094	-94.864059
2067.187500	-109.970215
2110.253906	-122.156128
2153.320312	-124.218124
2196.386719	-124.637665
2239.453125	-121.141212
2282.519531	-122.510162
2325.585938	-124.293388
2368.652344	-124.355148
2411.718750	-123.969261
2454.785156	-116.363617
2497.851562	-110.146278
2540.917969	-115.165001
2583.984375	-124.342918
2627.050781	-123.879250
2670.117188	-123.723213
2713.183594	-122.354767
2756.250000	-120.339264
2799.316406	-123.737282
2842.382812	-124.295677
2885.449219	-125.167412
2928.515625	-125.641335
2971.582031	-124.093796
3014.648438	-123.831734
3057.714844	-124.616562
3100.781250	-124.757797
3143.847656	-124.622719
3186.914062	-124.383171
3229.980469	-121.465698
3273.046875	-121.336098
3316.113281	-124.096046
3359.179688	-124.845970
3402.246094	-124.936531
3445.312500	-120.991844
3488.378906	-113.357483
3531.445312	-115.818787
3574.511719	-124.577347
3617.578125	-124.623062
3660.644531	-124.327255
3703.710938	-123.602463
3746.777344	-120.829636
3789.843750	-122.997765
3832.910156	-124.994980
3875.976562	-125.076134
3919.042969	-125.583817
3962.109375	-121.467178
4005.175781	-118.224541
4048.242188	-122.802879
4091.308594	-125.158501
4134.375000	-124.869583
4177.441406	-124.747284
4220.507812	-122.752327
4263.574219	-121.729500
4306.640625	-124.335968
4349.707031	-125.209442
4392.773438	-124.917816
4435.839844	-123.817459
4478.906250	-117.053955
4521.972656	-117.163086
4565.039062	-124.180702
4608.105469	-124.853539
4651.171875	-124.616302
4694.238281	-124.694908
4737.304688	-121.756706
4780.371094	-122.979942
4823.437500	-125.419785
4866.503906	-124.351059
4909.570312	-124.821198
4952.636719	-124.806198
4995.703125	-123.820374
5038.769531	-124.688675
5081.835938	-125.519928
5124.902344	-125.394775
5167.968750	-125.253082
5211.035156	-123.852341
5254.101562	-121.614723
5297.167969	-123.545158
5340.234375	-125.104996
5383.300781	-125.497955
5426.367188	-125.192726
5469.433594	-119.829453
5512.500000	-117.912117
5555.566406	-123.292496
5598.632812	-125.106911
5641.699219	-124.858017
5684.765625	-124.369965
5727.832031	-121.664772
5770.898438	-121.849052
5813.964844	-124.912926
5857.031250	-124.232391
5900.097656	-124.872849
5943.164062	-124.738197
5986.230469	-123.582169
6029.296875	-124.273651
6072.363281	-125.236313
6115.429688	-125.434021
6158.496094	-124.509163
6201.562500	-123.861656
6244.628906	-122.102730
6287.695312	-123.848404
6330.761719	-124.978607
6373.828125	-124.850121
6416.894531	-125.651550
6459.960938	-122.847420
6503.027344	-119.398834
6546.093750	-123.721985
6589.160156	-124.901764
6632.226562	-125.006310
6675.292969	-125.058250
6718.359375	-123.406006
6761.425781	-121.787491
6804.492188	-124.368912
6847.558594	-124.855453
6890.625000	-124.810158
6933.691406	-124.981293
6976.757812	-123.844528
7019.824219	-123.709030
7062.890625	-125.104919
7105.957031	-125.182495
7149.023438	-125.204948
7192.089844	-124.881493
7235.156250	-123.159981
7278.222656	-124.311401
7321.289062	-125.652802
7364.355469	-125.566673
7407.421875	-125.453651
7450.488281	-124.131577
7493.554688	-120.921257
7536.621094	-122.893204
7579.687500	-125.014374
7622.753906	-125.448830
7665.820312	-125.380173
7708.886719	-124.301239
7751.953125	-121.801765
7795.019531	-124.271187
7838.085938	-124.895866
7881.152344	-125.136780
7924.218750	-125.550903
7967.285156	-124.084648
8010.351562	-123.781303
8053.417969	-125.091522
8096.484375	-125.378136
8139.550781	-125.632790
8182.617188	-125.518219
8225.683594	-124.005386
8268.750000	-123.450996
8311.816406	-125.152451
8354.882812	-125.415741
8397.949219	-125.710548
8441.015625	-124.898788
8484.082031	-122.070190
8527.148438	-123.270447
8570.214844	-125.733749
8613.281250	-125.066689
8656.347656	-125.042854
8699.414062	-124.845627
8742.480469	-122.139252
8785.546875	-123.461960
8828.613281	-124.936317
8871.679688	-124.788635
8914.746094	-125.116096
8957.812500	-125.112411
9000.878906	-124.336205
9043.945312	-125.427475
9087.011719	-125.031975
9130.078125	-124.926025
9173.144531	-125.297470
9216.210938	-124.026688
9259.277344	-123.155891
9302.343750	-125.386292
9345.410156	-126.025307
9388.476562	-125.932434
9431.542969	-125.879150
9474.609375	-123.883919
9517.675781	-123.401260
9560.742188	-125.281876
9603.808594	-125.712837
9646.875000	-125.232239
9689.941406	-125.053093
9733.007812	-122.853462
9776.074219	-123.016846
9819.140625	-124.857521
9862.207031	-124.921097
9905.273438	-125.025040
9948.339844	-124.688683
9991.406250	-124.086723
10034.472656	-125.177086
10077.539062	-125.579262
10120.605469	-125.295128
10163.671875	-125.632874
10206.738281	-124.776939
10249.804688	-123.248940
10292.871094	-125.177040
10335.937500	-125.496002
10379.003906	-125.267479
10422.070312	-124.875793
10465.136719	-124.087158
10508.203125	-123.736923
10551.269531	-125.162498
10594.335938	-125.229271
10637.402344	-125.329994
10680.468750	-125.477661
10723.535156	-124.140106
10766.601562	-123.103683
10809.667969	-125.238762
10852.734375	-124.908775
10895.800781	-125.336609
10938.867188	-125.078110
10981.933594	-123.481384
11025.000000	-124.202797
11068.066406	-124.860237
11111.132812	-125.339340
11154.199219	-125.863815
11197.265625	-125.168755
11240.332031	-124.011932
11283.398438	-124.855377
11326.464844	-125.472992
11369.531250	-125.277214
11412.597656	-125.437675
11455.664062	-124.857483
11498.730469	-124.351891
11541.796875	-125.253517
11584.863281	-125.803276
11627.929688	-125.837479
11670.996094	-125.892349
11714.062500	-123.909058
11757.128906	-122.117683
11800.195312	-124.653801
11843.261719	-124.934753
11886.328125	-125.359596
11929.394531	-125.287605
11972.460938	-124.565956
12015.527344	-124.699692
12058.593750	-125.155167
12101.660156	-125.608841
12144.726562	-125.033333
12187.792969	-124.802979
12230.859375	-124.398827
12273.925781	-124.801582
12316.992188	-125.795952
12360.058594	-125.498123
12403.125000	-125.528282
12446.191406	-125.633675
12489.257812	-125.448967
12532.324219	-125.505821
12575.390625	-125.377602
12618.457031	-125.694244
12661.523438	-125.593376
12704.589844	-125.627510
12747.656250	-123.494904
12790.722656	-124.442619
12833.789062	-125.128471
12876.855469	-125.373222
12919.921875	-124.633171
12962.988281	-124.603539
13006.054688	-124.253906
13049.121094	-125.606758
13092.187500	-125.238609
13135.253906	-125.156715
13178.320312	-125.156891
13221.386719	-124.372772
13264.453125	-124.414658
13307.519531	-125.721886
13350.585938	-125.458710
13393.652344	-125.443413
13436.718750	-125.020287
13479.785156	-123.924187
13522.851562	-124.430595
13565.917969	-124.912209
13608.984375	-125.391182
13652.050781	-126.055885
13695.117188	-125.357643
13738.183594	-123.285210
13781.250000	-124.083328
13824.316406	-125.198212
13867.382812	-125.445007
13910.449219	-125.386635
13953.515625	-125.865501
13996.582031	-124.337372
14039.648438	-124.499992
14082.714844	-124.661804
14125.781250	-125.075676
14168.847656	-125.445671
14211.914062	-124.892708
14254.980469	-125.020172
14298.046875	-125.511620
14341.113281	-125.220894
14384.179688	-125.715744
14427.246094	-125.347458
14470.312500	-125.694298
14513.378906	-125.326645
14556.445312	-125.681847
14599.511719	-125.894104
14642.578125	-125.678795
14685.644531	-125.769165
14728.710938	-124.382538
14771.777344	-124.184074
14814.843750	-125.604172
14857.910156	-124.867027
14900.976562	-125.934540
14944.042969	-125.894852
14987.109375	-124.341515
15030.175781	-124.829315
15073.242188	-125.480530
15116.308594	-125.471741
15159.375000	-125.691704
15202.441406	-125.996506
15245.507812	-125.883240
15288.574219	-126.029541
15331.640625	-125.856941
15374.707031	-125.166443
15417.773438	-125.618828
15460.839844	-125.399574
15503.906250	-124.759636
15546.972656	-125.798279
15590.039062	-125.691650
15633.105469	-125.329742
15676.171875	-125.577850
15719.238281	-125.255653
15762.304688	-124.599258
15805.371094	-125.697807
15848.437500	-125.156647
15891.503906	-125.572487
15934.570312	-125.660469
15977.636719	-125.044800
16020.703125	-124.716522
16063.769531	-125.325890
16106.835938	-125.223770
16149.902344	-125.123817
16192.968750	-125.660820
16236.035156	-125.612724
16279.101562	-126.168068
16322.167969	-125.320259
16365.234375	-124.603409
16408.300781	-125.104698
16451.367188	-125.872520
16494.433594	-125.177704
16537.500000	-125.551796
16580.566406	-125.733894
16623.632812	-125.544090
16666.699219	-125.132057
16709.765625	-124.915520
16752.832031	-124.020325
16795.898438	-125.429939
16838.964844	-125.364212
16882.031250	-125.617821
16925.097656	-125.911186
16968.164062	-125.092865
17011.230469	-124.108376
17054.296875	-125.112099
17097.363281	-125.462624
17140.429688	-125.797951
17183.496094	-125.625366
17226.562500	-125.372330
17269.628906	-125.079544
17312.695312	-125.492477
17355.761719	-125.380554
17398.828125	-125.398209
17441.894531	-125.473503
17484.960938	-125.502045
17528.027344	-125.635658
17571.093750	-126.073730
17614.160156	-125.829865
17657.226562	-125.439140
17700.292969	-125.468239
17743.359375	-124.205147
17786.425781	-125.311569
17829.492188	-125.529396
17872.558594	-125.181068
17915.625000	-125.145927
17958.691406	-124.847343
18001.757812	-123.992981
18044.824219	-124.820107
18087.890625	-125.347496
18130.957031	-125.540604
18174.023438	-125.523582
18217.089844	-125.628441
18260.156250	-125.673759
18303.222656	-125.716324
18346.289062	-125.736626
18389.355469	-125.938652
18432.421875	-125.128120
18475.488281	-125.159554
18518.554688	-125.744942
18561.621094	-126.196587
18604.687500	-125.713608
18647.753906	-125.738800
18690.820312	-125.302162
18733.886719	-124.516594
18776.953125	-125.076118
18820.019531	-124.996819
18863.085938	-124.940720
18906.152344	-125.965813
18949.218750	-125.843750
18992.285156	-124.386322
19035.351562	-124.985321
19078.417969	-125.083969
19121.484375	-125.140648
19164.550781	-125.407585
19207.617188	-125.862617
19250.683594	-125.216507
19293.750000	-125.707298
19336.816406	-125.929070
19379.882812	-125.332260
19422.949219	-125.284889
19466.015625	-125.987808
19509.082031	-126.009987
19552.148438	-125.599541
19595.214844	-125.497757
19638.281250	-125.648033
19681.347656	-125.305840
19724.414062	-125.154793
19767.480469	-125.199165
19810.546875	-125.405876
19853.613281	-125.116722
19896.679688	-125.582054
19939.746094	-125.894997
19982.812500	-124.326302
20025.878906	-124.615692
20068.945312	-125.289207
20112.011719	-125.266945
20155.078125	-125.426590
20198.144531	-125.211510
20241.210938	-125.495636
20284.277344	-125.398392
20327.343750	-125.179337
20370.410156	-125.150253
20413.476562	-125.489693
20456.542969	-125.677330
20499.609375	-125.176559
20542.675781	-125.530083
20585.742188	-125.559143
20628.808594	-125.531067
20671.875000	-125.544678
20714.941406	-125.082367
20758.007812	-124.562920
20801.074219	-124.988121
20844.140625	-124.942207
20887.207031	-125.228401
20930.273438	-125.473724
20973.339844	-125.470642
21016.406250	-125.212433
21059.472656	-125.373253
21102.539062	-125.297386
21145.605469	-125.393211
21188.671875	-125.826355
21231.738281	-125.962265
21274.804688	-125.812416
21317.871094	-125.559082
21360.937500	-125.288857
21404.003906	-125.853821
21447.070312	-125.784744
21490.136719	-125.501877
21533.203125	-125.926865
21576.269531	-125.668976
21619.335938	-125.980721
21662.402344	-125.683891
21705.468750	-125.088844
21748.535156	-124.524529
21791.601562	-125.361565
21834.667969	-125.393471
21877.734375	-125.351677
21920.800781	-125.781631
21963.867188	-125.261787
22006.933594	-124.452133
